32621953602.1 6254603203.46 1.0
-1986028692.95 8310268058.03 1.0
7254374975.79 2770249918.6 -1.0
27441114318.2 659639853.146 1.0
24618824884.7 1444307315.06 -1.0
23142587698.6 1212692459.01 1.0
-60616639627.8 -101866121021.0 -1.0
-644287557125.0 27985527476.9 1.0
-580843778599.0 6978619805.53 -1.0
-610261436012.0 3134420974.91 1.0
-47683422458.5 14643402572.4 1.0
-66908561863.3 20939189087.5 1.0
-56056988016.7 35066563741.0 -1.0
19993618863.0 4860295593.81 1.0
16095659089.3 5997790052.11 1.0
13277099306.3 6414814519.7 1.0
19563744054.2 4598550604.65 -1.0
-27198647199.5 -6658110389.15 -1.0
-34566750275.9 -982361292.912 1.0
-33662760580.8 -1492027247.04 1.0
5103534947.28 415425856.267 1.0
-1006709873.87 1456399382.16 1.0
-11632963814.4 3409193634.69 1.0
19376393719.5 -1024763414.88 -1.0
-63006600498.8 16217626279.3 1.0
-87133464130.1 20669640018.6 1.0
-29147495661.3 8852500268.05 1.0
3656223073.52 -13078248984.5 1.0
-859024580.284 -8704867257.59 1.0
10614252663.8 -8966002581.9 -1.0
22908223340.7 2665814355.69 1.0
19205966292.2 2917265936.5 -1.0
17349743207.1 3367001689.28 -1.0
24076089218.7 826961683.394 1.0
22019815116.5 1005579126.01 1.0
21667770455.1 1143559356.24 1.0
18931508772.7 2290729444.67 1.0
25580543871.1 -4145125565.11 -1.0
23272242259.5 -3852257963.08 1.0
23922178492.4 -4220946527.22 -1.0
10112971259.1 -10760330222.9 -1.0
3146218079.42 -10106081799.8 1.0
26930122085.2 -344866768.762 -1.0
24083223863.6 -37208092.7144 1.0
25862781757.1 -550813882.948 -1.0
30148930172.9 39556819.7751 -1.0
30751122558.6 146496876.643 -1.0
29251210958.8 238674356.792 -1.0
32743631526.4 -983130411.114 1.0
27311739186.0 11763034.2079 1.0
25059448270.3 176028180.388 1.0
30453064081.1 1681186090.14 1.0
29513720907.7 2091478336.83 1.0
9774103662.98 3908460382.49 1.0
-769572782.483 5072098104.55 1.0
-4638515807.4 4999089190.73 1.0
13350453508.0 -1109758914.46 1.0
4535548860.77 -283750879.02 1.0
12004761704.7 -1721934766.29 -1.0
-550080804.263 1021850651.6 1.0
22741170626.9 1407169947.13 1.0
22725353828.9 1459522286.78 -1.0
22730515859.4 1491467119.55 1.0
-50264316446.8 8806278887.39 1.0
-85368638779.6 11545490889.2 1.0
-88265563962.5 8704887527.24 1.0
5446599709.2 9685737838.67 -1.0
-3343567510.69 11288939364.9 1.0
-9560627628.0 12863892738.6 -1.0
-144788562109.0 26928455570.7 1.0
-107461014132.0 18389620661.5 -1.0
-275490427880.0 49561850490.4 1.0
29409839191.5 -2682076.58008 -1.0
28376153278.2 215054992.578 1.0
28697098628.2 -45496864.8504 -1.0
-5793880113.57 -25213258703.1 -1.0
8426603793.36 -20470560060.1 -1.0
18394665538.4 1361279418.09 -1.0
-6958520306.03 -7431574469.16 -1.0
-7724958887.05 -4176970751.28 -1.0
10199243396.2 -987710008.891 -1.0
13150039656.2 -1415996915.17 1.0
6493080434.03 -507956710.68 1.0
8988364762.57 -1001424763.02 -1.0
3887425006.39 178830674.435 1.0
28186434701.6 -719075124.481 1.0
18600249139.6 1304437845.12 1.0
19254956766.5 814006354.513 -1.0
25227114226.1 -8204318686.29 -1.0
18421411014.4 -8579996813.63 1.0
25747021936.5 -9791334358.51 -1.0
16061821374.4 -1799083884.73 1.0
19862489263.9 -3185382753.79 1.0
6203742487.1 -1220841350.21 1.0
30595250023.1 95428682.9918 1.0
29785973220.0 682812669.78 1.0
29206149175.6 861298031.169 1.0
27374035899.0 -2671425979.06 -1.0
25321756244.9 -2446503900.28 1.0
24179564715.3 -2349915819.32 1.0
30916096477.7 691586340.243 1.0
29545819204.7 780592043.425 1.0
25513632352.4 1384511830.99 1.0
25541625593.4 1234217649.6 -1.0
19154145015.6 5547056374.98 1.0
15793762674.3 6157604018.85 1.0
13042098663.8 6793368092.03 1.0
12873133464.3 6915305655.15 -1.0
-68411358887.9 9414924266.11 1.0
-58377982891.4 13540786170.3 -1.0
-62624796005.4 16557379331.6 1.0
14303686244.4 -1489595139.82 -1.0
13238690001.7 -1612589000.03 -1.0
13841828398.4 -2751210022.19 -1.0
17172631927.0 63421966.3295 1.0
19143423730.0 -192587949.051 -1.0
26290909203.3 -411058655.582 -1.0
28645640546.0 -698340105.552 -1.0
21862134522.0 -683158363.056 -1.0
24258930774.8 -2240439313.52 -1.0
20312744672.3 -855412811.055 1.0
24873014267.8 1731226013.11 1.0
22953164863.7 2293960351.59 1.0
21605524711.3 2886724792.99 1.0
13779295522.5 993981976.062 1.0
8514056783.82 1964465351.7 1.0
5097964612.15 6885462862.09 1.0
899648289.743 6197437292.72 -1.0
8298646212.51 -11154613827.1 1.0
8099467331.2 -12117236424.7 -1.0
12736750633.9 -10911743830.4 -1.0
-30091936036.0 9522990448.72 1.0
-44308307668.5 9700571267.42 1.0
-34642744423.0 9275181074.28 -1.0
28149150190.7 1352635508.82 -1.0
26304856260.8 1914422277.02 1.0
25758169472.5 1806003808.45 1.0
-52476539966.6 5169693653.17 1.0
-62765288490.7 6975227504.33 1.0
-79147668481.8 10534364727.0 1.0
19702866882.4 3114355732.38 1.0
18318673467.0 3126087656.88 -1.0
11634456168.3 5212954230.03 1.0
22423831735.4 -465451160.594 1.0
22752761170.7 -434330271.233 -1.0
25566995832.6 -537218978.136 -1.0
24710262692.6 807676116.427 -1.0
23603921901.3 833995155.867 -1.0
21477603175.2 38549004.7071 1.0
18461250463.8 1479656808.74 1.0
13260607771.1 4604652832.94 1.0
8574842364.68 5416511699.3 1.0
6563379250.78 6120839351.89 1.0
13137417462.3 7968308066.02 -1.0
-25201531589.4 -4794985985.16 -1.0
-3769195471.25 -5498640546.74 -1.0
-13981794480.1 -1724338825.69 -1.0
26951645117.7 1178355764.93 1.0
24306855241.7 1300429368.37 1.0
24102440056.9 1540846251.42 1.0
10146326863.9 2714890216.85 -1.0
6092537642.2 3362824118.58 -1.0
5976034976.94 3106151413.32 1.0
1176517345.08 -16282458565.1 -1.0
-2854628732.79 -15133294975.3 1.0
-10297124510.4 -13152696400.4 1.0
808941780.506 4717992694.16 1.0
-52896294317.5 15841832815.6 1.0
-56468716809.5 24106948470.1 1.0
16367812524.2 1657140035.34 1.0
14939644052.2 1595435120.4 -1.0
19190452378.4 1146030511.87 -1.0
31890641166.7 -3919581313.3 -1.0
30533361928.8 -2762180530.04 1.0
25907463262.5 -1651764606.45 -1.0
30948697110.9 330832594.316 -1.0
30272074651.4 738665782.391 1.0
30056998707.4 859341417.162 1.0
7113260868.79 -12252030883.4 1.0
13008814394.0 -13506659077.4 -1.0
32299169050.3 -1268944567.83 -1.0
26521211688.6 1502086775.14 -1.0
24684245332.0 1743379173.19 1.0
26653815834.1 1263225594.54 -1.0
23361413294.3 10370524123.2 1.0
19454532198.4 10870332388.6 1.0
17008592007.5 11305195210.9 1.0
-23940701544.1 11686826455.4 -1.0
-26412443224.6 13283696248.2 -1.0
-23088818855.0 14018472531.4 -1.0
23853697755.8 3369224213.28 -1.0
22525467691.7 3612462560.51 1.0
19548393559.5 4222729393.6 1.0
20529915859.0 3995308332.69 -1.0
19193113118.3 2248723299.22 1.0
14437284415.3 2723703318.45 1.0
20618295012.3 1359915019.74 -1.0
8404275351.28 -1304286338.94 -1.0
8386466127.88 -1558784864.5 -1.0
18906287527.4 -3344587038.0 -1.0
27835044353.0 -1485147519.45 -1.0
25405720942.2 -1215831730.29 1.0
24879148991.0 -1383084574.36 1.0
25124886687.5 -1793735461.08 -1.0
24879494808.6 -1967678129.01 -1.0
27241216049.7 -1334850815.87 -1.0
19359278800.9 1535516043.58 1.0
23108237977.8 842980723.513 -1.0
28210265770.9 -49164625.2286 -1.0
25506845606.4 1188590231.62 -1.0
24234409967.6 1581760136.08 1.0
23469856894.3 1760347837.45 1.0
23518642466.7 1506707876.0 -1.0
29321541707.8 -473687353.053 1.0
27599474253.3 -35290753.9934 1.0
26900998703.5 -39878500.4387 1.0
-17312364988.5 125207117.752 -1.0
-27744522227.0 728372250.875 1.0
-35996485987.9 4111564393.16 1.0
-35539342790.6 2528018673.65 -1.0
22312934466.3 2989168467.13 -1.0
21262521277.0 2951984908.72 -1.0
20101973168.6 3455216998.62 1.0
17250124726.5 3829079995.06 1.0
27623274670.4 -34005094.7937 -1.0
543361549.909 4969024353.4 -1.0
-13107315651.2 6715479750.16 1.0
-10719909993.7 5135786414.11 -1.0
-92730061548.8 -30460114873.1 -1.0
-117660767379.0 -23044904974.7 1.0
-111526097838.0 -28308822620.5 -1.0
-125767706854.0 -29276931384.3 1.0
29879143784.9 2527358344.1 -1.0
-2003157485.25 -3285966524.67 1.0
8327186336.81 -5878229440.2 -1.0
27960847470.7 -101056495.036 1.0
25890478115.6 287847798.747 1.0
24843187806.6 751074757.07 1.0
22842982290.9 1287953799.48 1.0
15137677383.7 -5008762314.81 -1.0
11960201189.6 -3377774907.29 1.0
20260479126.8 -5146687962.22 -1.0
19533647107.3 -2375966756.66 1.0
2970032635.12 164922613.841 -1.0
-1779606813.3 -537756773.152 1.0
23538872081.7 75278191.7032 -1.0
24671215570.2 894984659.212 -1.0
23544177688.6 1216921286.75 1.0
-55408689075.3 -10125491156.5 1.0
-80070237393.7 -4925129262.43 1.0
-76656153855.4 -649417343.08 1.0
-228434594241.0 -98381533192.7 -1.0
-202209026714.0 -109701576347.0 -1.0
-158949500067.0 -116062565633.0 -1.0
23805217240.0 -916013794.117 1.0
23861136621.2 -2482240886.4 -1.0
23185237062.6 -4042678877.48 -1.0
-3257353279.15 -2961760215.81 -1.0
-10399833522.9 -1423155118.48 1.0
-5954934113.3 -3450382560.97 -1.0
11409994505.2 -1738747091.64 1.0
-5395186326.77 4479351958.41 1.0
-5117535008.53 2608609699.25 1.0
-22712057639.5 907547812.313 1.0
-29238731052.7 4652984131.5 1.0
-24253108813.0 6608434342.59 -1.0
-850389634.388 -2535647647.21 -1.0
2402625812.05 -1972401563.43 -1.0
-134757348578.0 28303614823.6 1.0
15289038330.2 763340146.871 1.0
12419822980.7 904281610.264 1.0
13325295410.9 401845215.122 1.0
13472909143.4 710040497.203 -1.0
27072291689.8 -883576468.233 -1.0
25479506099.3 -744110878.19 1.0
24880226158.5 -1102771046.68 1.0
-7482876924.88 -7267329580.38 1.0
-12298077905.1 -6481407073.42 1.0
-14975510077.8 -1964731426.77 1.0
-106229977916.0 -9725913867.22 1.0
-132447225358.0 -3895747235.11 1.0
-146147133876.0 -959923986.669 1.0
-138083228357.0 -1527447258.22 -1.0
18569954211.1 -780582267.095 1.0
-66280166340.2 17342109187.0 -1.0
16910397492.3 2046053925.78 1.0
13907027686.4 3065585100.99 1.0
11501811749.1 4483787764.17 1.0
22645488374.1 1421248207.07 1.0
20404809338.3 2379471821.09 1.0
19721526909.4 1892071469.35 1.0
18692726581.5 3172391968.65 -1.0
31198702821.5 2655872366.28 1.0
31591805821.5 2671610021.02 -1.0
32291580463.7 2754476338.92 -1.0
21403003617.7 -828795629.236 1.0
23479024373.1 575981746.668 -1.0
25749359327.0 220229143.829 -1.0
26067316850.1 2857755067.33 -1.0
21978157781.3 3654432103.84 1.0
18305463492.0 4486518605.8 1.0
28485343082.4 429406270.449 -1.0
27802771922.6 468444075.224 -1.0
27352469479.2 379056363.592 1.0
26296068378.5 981159443.096 1.0
-20326639675.5 -30377567297.2 -1.0
-30387191326.9 -27885589309.4 1.0
-20848196954.2 -28637202419.5 -1.0
22155227277.2 764361660.025 -1.0
19263165314.1 431675817.875 1.0
20518221651.3 303378815.227 -1.0
11393760028.9 -15521260734.8 -1.0
6869334171.74 -15670223232.4 -1.0
21513940856.6 -3840608242.13 -1.0
28376057326.8 -87490718.1554 1.0
22925817226.4 775426122.163 1.0
14106219494.4 1859448187.29 1.0
11073084213.0 2048487583.53 1.0
1785993983.26 -15836083859.7 -1.0
5127004664.12 -13517518611.1 -1.0
1883890689.33 690391298.529 1.0
4528920283.79 4163230815.16 1.0
4363238443.99 3890490576.32 -1.0
1864743823.33 4453667246.31 1.0
17344415302.0 -8296607906.56 -1.0
14232405866.6 -8008021322.01 1.0
14614901567.2 -8571711164.05 -1.0
27201348147.2 947013431.027 -1.0
25820946300.1 1307879339.93 1.0
22409629874.8 1753399463.27 1.0
17302928959.2 -5938929197.21 -1.0
11178253551.4 -5746979811.52 1.0
12701052578.9 -6470124052.97 -1.0
6411924581.75 3198858374.18 -1.0
6099350522.88 2670400891.76 -1.0
2251406218.71 3838131984.33 1.0
7254370319.17 2916330814.35 -1.0
23088095217.7 977342636.891 -1.0
24438410677.8 2143527153.48 -1.0
25577442483.8 1214144913.02 -1.0
-15693039609.5 1757426224.23 1.0
-9336073562.28 968815755.668 -1.0
2293818136.88 -62447805.6227 -1.0
-1600555926.8 1209104091.75 1.0
10382342404.0 -10134679178.8 1.0
-16931622736.3 -6969476391.81 -1.0
-4770578268.82 -4555214283.37 -1.0
26632940170.6 -2272837.34655 -1.0
23611040761.5 762168493.195 1.0
18035590122.9 1479743076.14 1.0
21591736644.4 -781456813.531 1.0
23494287169.0 -1723987759.42 -1.0
26885360413.4 -2912430741.39 -1.0
20644492141.7 -6279424324.33 -1.0
17088268946.0 -5935257470.24 1.0
17738232721.3 -6449215453.9 -1.0
-1586185081.08 -1865348051.68 1.0
2226136671.4 -2231844243.92 -1.0
10085162538.6 -3748599715.79 -1.0
22382642331.6 -6747019330.91 -1.0
17949778790.9 -6236327439.94 1.0
23222640071.4 -6437210316.44 -1.0
31789290901.9 -262251647.723 -1.0
28586763657.3 -287058317.892 1.0
18547479901.7 1604173710.7 1.0
-46241614129.8 -6378936183.43 -1.0
26303245856.8 258103248.969 -1.0
26707576696.6 397332032.053 -1.0
26973569412.1 523680903.944 1.0
26265412052.5 1337213359.53 -1.0
24782768426.8 2187166384.59 1.0
19383014529.6 1667592007.04 1.0
-68838487072.9 -5075355082.64 -1.0
7740440040.67 -18803108322.3 -1.0
-24749786742.1 -16542854027.3 -1.0
21473204113.2 1550019759.25 -1.0
21486974031.2 1401857982.41 -1.0
23631337028.8 1085854637.15 -1.0
-96054767503.5 12167203517.0 1.0
-170435470277.0 9225985296.18 1.0
-259783629169.0 18253118818.8 1.0
27858523466.4 10193839.6314 1.0
28184867767.2 370311675.787 -1.0
26674129889.5 826611961.56 1.0
-5890228087.03 -12481209916.7 -1.0
22033600738.6 -15409364329.8 -1.0
26981199205.2 -5737267865.57 -1.0
-45106279053.9 -969620971.795 1.0
-25367831451.7 -2784490256.64 1.0
-8748953831.99 -5844516742.28 -1.0
-17472842712.6 -2852795471.03 1.0
19670863298.3 -9225602222.72 -1.0
20083727556.4 -9032369867.5 -1.0
28359672656.0 400658535.324 -1.0
25753599484.8 1098753387.74 1.0
28557700534.1 587192009.682 -1.0
25868168875.2 1263409994.19 1.0
18769648853.5 -569579719.862 1.0
16682187284.8 -159639479.75 1.0
17736605346.4 1481474142.32 -1.0
20189508243.4 2145092048.07 1.0
18093241033.6 2721657180.43 1.0
14506588323.1 3958727082.47 1.0
29043635062.1 -551545171.92 -1.0
27005819264.3 -234648714.987 1.0
25986371883.5 -47528627.237 1.0
25500693847.8 -11861073.7894 -1.0
31160369507.2 -82729782.4122 1.0
30902310435.0 -48440275.0613 -1.0
31518716682.6 -204973063.667 -1.0
22131772414.7 -606919654.807 1.0
25674064457.1 -661801640.959 -1.0
28368702283.4 -1089131736.1 -1.0
24384324044.8 1027378241.95 1.0
27279301323.8 366949867.124 -1.0
29883538012.5 196548322.77 -1.0
25349350703.4 1304494449.62 -1.0
27932903243.9 746921800.066 -1.0
30332657154.8 523248440.167 -1.0
29811434592.5 -2796207874.16 1.0
30337508467.7 -3398579718.29 -1.0
28064622483.3 -3518073514.1 1.0
37047259452.9 -2678449691.85 -1.0
28545085201.4 -268456400.803 1.0
31683402899.5 -3260540476.91 -1.0
149046785.234 -6071126481.92 1.0
-11697126621.1 -1092302243.48 1.0
-9565009183.73 -561111631.983 1.0
-76861110807.2 23719511683.7 1.0
-105847361501.0 24580841060.6 1.0
-111184622137.0 21643512872.5 1.0
3596535857.62 5271202805.97 -1.0
2471787420.67 5637256837.54 -1.0
1423529127.99 7073495931.19 1.0
-734991779.484 7435226219.7 -1.0
6211327026.1 -14602151657.2 1.0
964839266.16 -14013909112.2 1.0
8564193877.37 -12485317721.8 -1.0
-50672342537.8 -19781710275.3 1.0
-47302307527.6 -12410262641.0 -1.0
-23899675913.8 -22102432853.8 -1.0
22488697146.8 246682860.73 -1.0
19102255985.8 1027147325.77 1.0
22364659970.1 500530769.637 -1.0
33037173226.6 267283980.514 1.0
32714935357.0 621113181.863 1.0
31384973598.5 1158710969.73 1.0
26548807620.3 1843861199.02 -1.0
16586356169.3 1391169747.97 -1.0
16049326193.6 1328035989.98 -1.0
24534616646.0 -301689323.358 -1.0
26123280669.6 -175095188.686 -1.0
26121818988.8 -1088016564.87 -1.0
25051639805.6 -612253888.504 1.0
28092936512.5 -1137830702.13 -1.0
29343805596.7 274428618.922 1.0
27453207818.4 -1388801576.53 1.0
26289069764.0 -1470389851.42 1.0
17466806454.6 1331391415.45 -1.0
17794584642.0 1094649887.39 -1.0
22240438109.8 1364115084.73 -1.0
-11629167352.8 -3823577122.05 1.0
-226701626.283 -8861902917.6 -1.0
4263309050.39 -8945729805.9 -1.0
28387586843.8 632073342.586 1.0
28515311800.0 774859384.381 -1.0
27122831637.9 808705657.286 1.0
33772870171.3 9195565.29142 1.0
32620377436.5 401959126.319 1.0
27072387725.4 1642836631.32 -1.0
17668953334.8 18583200863.2 1.0
7117815224.62 20849667119.1 1.0
11032075491.6 20081102296.2 -1.0
-88660269528.9 7422596501.22 1.0
-113405744843.0 17771035414.4 1.0
-139721750874.0 26339705016.4 1.0
-133390247445.0 28129967994.6 -1.0
3391460391.59 -18214189684.0 1.0
9298468094.3 -16839239111.5 -1.0
18357878045.5 -15789579909.3 -1.0
19969344068.4 591478553.821 1.0
21093512429.8 467103830.831 -1.0
26275933352.0 513667313.879 -1.0
30155751920.4 3613017472.9 -1.0
28373655154.7 3365662623.88 1.0
25227770564.2 3564574618.93 1.0
24734341588.9 3211815868.4 -1.0
-37728013682.5 37371815.0844 1.0
-44282487018.1 852530845.679 -1.0
-46275769818.3 3032355610.9 1.0
25970718116.9 -2081257459.57 1.0
27554206475.1 -2856673751.96 -1.0
29034532424.4 -3160018482.83 -1.0
26774922963.9 -2362909806.41 1.0
-9307985813.95 -21411969836.9 1.0
6774693422.92 -18263652610.5 1.0
-2868628678.27 -16833039096.1 1.0
11213746503.2 9393500812.8 1.0
27697972979.7 1104890639.76 1.0
26355498426.5 1149202714.57 1.0
26391844430.8 937976859.529 -1.0
30118861277.2 2034773660.56 -1.0
29226996079.5 -1196436176.5 1.0
28307975750.9 -1131407335.49 1.0
-31065375570.6 10332123871.2 -1.0
27756829380.7 813525040.326 1.0
27818014003.2 480979552.299 -1.0
26306892152.1 724357965.487 1.0
22891892679.4 1526945375.53 1.0
25564038574.0 118121334.991 1.0
23983426418.2 638905261.957 1.0
22355519253.8 843160799.048 1.0
-3523469658.84 1023388258.04 -1.0
-15955129671.0 3418969412.31 1.0
-3875646864.51 1261672158.03 -1.0
-169323611851.0 22514272662.4 -1.0
-124030973199.0 23746258963.4 -1.0
-98472671896.7 16543226514.0 -1.0
32796391379.1 607461266.101 -1.0
32008718520.3 1181358676.04 1.0
29055596312.5 1972894594.12 -1.0
28479264174.6 480886318.314 -1.0
27282853940.0 712146439.883 1.0
25932225576.8 1144688543.94 1.0
21838758548.5 2058482740.92 1.0
10937547580.2 4310566805.97 1.0
17188899631.6 2615316087.64 -1.0
-101023847243.0 -26124889933.4 -1.0
-148710011292.0 -14792232095.5 1.0
-135657754067.0 -23271373089.5 -1.0
12781008998.4 1660369653.28 -1.0
9302922294.85 2807209282.25 1.0
8657215153.16 3651437460.35 1.0
5951930823.27 5347406314.84 1.0
13068082540.4 -3215479828.01 -1.0
12226636806.6 4257039.0893 1.0
19486579851.1 -203316140.473 -1.0
27725841742.8 -161678231.41 1.0
26721657964.6 141616316.929 1.0
25926165316.5 455790397.826 1.0
30373973427.0 1119791633.49 -1.0
28211048487.1 1746757204.82 1.0
30053479914.8 1725281647.02 -1.0
20230806341.9 132963023.905 -1.0
15885689032.7 1166075767.24 1.0
14967815164.9 388507328.552 1.0
-2667631570.77 359189908.85 1.0
-2642515245.45 3093126602.76 1.0
1500166023.1 3642409717.39 -1.0
18275072989.3 -3269281696.24 1.0
17398713255.3 -3042043141.67 -1.0
20311517385.5 -3070133390.05 -1.0
26575770217.3 1297069742.17 -1.0
25749839014.8 1267612459.13 -1.0
27077634164.7 902222841.322 -1.0
26882105038.9 -1807403984.11 1.0
29138056226.5 -2296669723.95 -1.0
29734329606.4 -2324294068.59 -1.0
28164740473.6 -1997751622.21 1.0
23181674250.5 -4326002616.62 -1.0
24681419145.4 -2242661954.7 -1.0
24180199975.9 -1819075863.19 1.0
22982473269.1 1102683399.16 -1.0
20097784750.1 1513769057.89 1.0
25902723465.9 -23527485.1196 -1.0
26733790702.7 1409515582.16 -1.0
13705646303.9 3722323288.04 -1.0
10123395487.8 5142125992.28 1.0
10191014951.9 5775247110.18 -1.0
24483897210.7 -765447716.3 1.0
23496472259.7 -764333994.577 -1.0
24565598421.6 2317277807.63 -1.0
23505379043.4 2250203545.52 1.0
-2938625157.95 3573097089.06 -1.0
-6949515342.42 8343653887.23 1.0
-9776894445.08 9834707364.78 1.0
-7580009670.2 -22988478737.0 -1.0
24528816306.2 -337414564.089 -1.0
20391925935.2 192606521.118 1.0
23627807594.0 -296190928.556 -1.0
22268964093.1 234767666.747 1.0
-147053315926.0 19093478689.8 -1.0
-148849190681.0 21318182696.9 -1.0
-150029963528.0 24960293762.7 1.0
19792308849.6 2650267563.79 1.0
20420758175.0 1777046742.71 -1.0
27276878786.2 -34766275.8734 -1.0
27423525953.9 191927184.992 -1.0
24421894676.6 -1394970738.45 1.0
18419705107.8 -802323404.936 1.0
14438173045.2 27746108.8942 1.0
1517250641.53 1497752206.42 -1.0
21374605199.6 -2791391891.51 1.0
21441761088.4 -2733520182.33 -1.0
25018922654.4 -3467802314.65 -1.0
25214545153.2 -2997176706.6 -1.0
21623095724.8 -110231847.667 1.0
21733933764.9 -525213501.277 -1.0
26862240320.5 -1720880132.91 -1.0
18383266664.0 5436881951.18 1.0
11259469999.5 6213778350.06 1.0
8322273015.05 6410003105.9 1.0
16986026902.1 4946288367.29 -1.0
30970987935.6 224124440.3 -1.0
29346863424.9 802025976.035 1.0
29611728645.5 794340142.126 -1.0
27398333084.3 1226297551.64 -1.0
25492912835.9 -3262407962.84 1.0
24095857838.6 -2362626905.62 1.0
25372713962.3 -1667208802.88 -1.0
24906057313.8 1681085573.29 1.0
24635759181.6 1376834062.69 -1.0
25168703676.6 1015651698.86 -1.0
20357306400.4 1798310289.95 1.0
-21359742810.0 -3132707353.73 -1.0
-39307150416.6 2854021055.76 1.0
-53861987860.9 8795423183.29 1.0
-12072837807.9 5103075427.74 1.0
-24738973727.5 9535135363.81 1.0
-30197011076.2 14716735417.8 1.0
32027287674.8 -2320352387.42 -1.0
31241331829.9 -2322396898.29 1.0
31347213040.8 -2634878354.78 -1.0
-23381697825.5 -1736261556.98 1.0
-38726053604.4 3400884414.47 1.0
-40519497589.6 5685285044.72 1.0
-30870413864.6 6100932009.06 -1.0
25876930753.8 -1203134011.49 1.0
22037256892.5 -974154491.005 1.0
22378063598.2 -1287008863.7 1.0
18131786135.7 -1404909896.47 1.0
24783180587.9 -4917639861.21 -1.0
26037862076.9 -5423076073.94 -1.0
28296494088.6 -6053233178.04 -1.0
21074284506.4 -4044762106.3 1.0
5759958193.63 -385689738.474 1.0
6309331400.26 -1091147595.61 1.0
28189416329.4 774379096.168 1.0
22325579767.4 -1861969987.3 1.0
15042533182.3 -4525434134.99 1.0
-11263580113.3 -1849902058.21 1.0
-6283338784.67 1256298325.91 -1.0
-5142635646.38 2694257843.12 1.0
13334911423.9 -601671058.084 1.0
10159210814.6 -198235594.833 1.0
22527149497.9 -1834251366.89 -1.0
23379276277.1 -836960244.056 -1.0
-64983526562.8 13835781107.0 1.0
-63770144975.0 14342011215.5 -1.0
-73537490717.9 17178854092.2 1.0
21391227104.2 5972095412.22 -1.0
14209351062.9 8444902395.41 1.0
19125228078.4 8974013266.99 -1.0
28147066483.3 1594923926.2 1.0
27763999568.9 1292654297.08 -1.0
26157573572.0 2715109125.88 1.0
18864482950.0 567235396.462 -1.0
24711217066.8 -302673938.261 -1.0
26030243278.5 -246371278.495 -1.0
-62549755686.3 3962545883.4 -1.0
-56985371520.2 6060753883.84 -1.0
-74565799282.6 15485756677.9 1.0
26786250439.2 855901680.99 1.0
26543242020.9 612490501.45 -1.0
26207026362.6 832995065.542 1.0
22536100354.8 1568494976.95 1.0
-2362105001.06 3266131559.25 1.0
-11703865261.6 6321185681.44 1.0
-10039540510.2 5058439370.89 -1.0
2836280749.4 1093150393.72 -1.0
18775799677.0 3784342245.69 1.0
15966713646.3 5012294193.45 1.0
16132040801.9 5316423344.21 1.0
-27690760085.8 2680230229.85 1.0
-26099168440.3 5383035745.34 -1.0
-37307757583.7 5776480224.98 1.0
24464399473.7 -967394557.943 1.0
23828451947.7 -907091807.593 -1.0
-9219240030.61 5548384712.8 1.0
18076881193.4 3844731025.99 -1.0
15578646595.5 4037554835.16 1.0
20376942114.1 4280353831.77 -1.0
26405681350.4 732906902.771 -1.0
25907863935.5 973717438.298 -1.0
24677160890.5 1388364892.82 1.0
30829449343.1 -46735148.4341 -1.0
28754825206.5 -1940830350.2 -1.0
25988942744.0 -1169896001.65 1.0
-61247471014.2 3899690280.37 1.0
-71274177973.2 10143957085.6 1.0
-58530304013.0 10478510492.4 -1.0
-38286537035.4 23502339946.6 -1.0
-58207874620.3 28635771424.1 1.0
-74540578425.2 32043100314.4 1.0
-27562060784.0 1681103004.09 -1.0
-26363495011.4 6552315907.31 -1.0
-11535590674.9 4239904234.2 -1.0
-10638342557.1 6353283509.33 -1.0
13296743072.2 -8688970022.22 -1.0
16434587837.3 -6544391676.2 -1.0
24079689718.6 -6890498984.66 -1.0
19309309905.7 -7345089253.85 1.0
20905100794.1 -7494341601.36 -1.0
5647874242.31 -6955057924.25 1.0
-114485842622.0 4276404460.36 -1.0
-130988963924.0 5259614529.96 1.0
-114270819601.0 8201297412.49 -1.0
7476904620.85 -13553541896.1 -1.0
12652097350.6 -16306372075.4 -1.0
23651054516.7 -16006731570.9 -1.0
-286519989837.0 -11948508315.8 1.0
-358565782777.0 -4508410763.32 1.0
-424261709718.0 16440349039.2 1.0
-460491790824.0 30867423442.1 1.0
28376276676.8 1129831369.08 -1.0
26976715423.4 1630053351.57 1.0
26369507120.4 1896897514.34 1.0
12058176008.7 -3676013351.99 1.0
-2785156872.24 -2251049147.64 1.0
18469945459.2 -8127669045.86 -1.0
11400327185.1 -6460934569.49 1.0
22013643797.5 -5519166440.42 -1.0
25103325730.7 -6119185234.84 -1.0
30776932787.9 -3930366021.72 -1.0
14855838274.9 3765102020.21 1.0
9839476762.09 -3665415064.05 1.0
16821712601.0 -6236717276.5 -1.0
20630428741.2 -7050315632.4 -1.0
-3490796940.18 -10012642137.7 -1.0
-13572262398.3 -9894328465.65 1.0
-14669977247.5 -12384526794.1 -1.0
22105904424.4 -6963133800.13 -1.0
24403481576.9 -7712889900.9 -1.0
24395515941.3 -8808924231.08 -1.0
32807767381.2 1846492930.7 1.0
32967128649.4 1975659495.55 -1.0
-11343953119.2 12104479472.1 1.0
31301023144.2 -1637998338.01 -1.0
31260885402.9 -2585752497.49 -1.0
30321890621.3 168073531.889 1.0
-51480701501.7 5845245946.13 -1.0
18575532918.3 2975363682.57 1.0
18922513145.0 3524633211.84 -1.0
18928930373.5 4217015515.11 1.0
2306343940.07 -10298730426.6 -1.0
4976321481.66 -9891253771.87 -1.0
20497826579.2 -9231109184.34 -1.0
4936894783.48 -4824574244.04 1.0
-160075712.065 -4938722167.35 1.0
8101178772.69 -6379454578.11 -1.0
20208570069.9 -1014872857.7 -1.0
21073748231.8 -299824944.414 -1.0
26775895027.4 -1101304403.9 -1.0
24976420683.8 -103068909.091 1.0
17522098031.5 -2753039866.91 -1.0
18832103412.0 -3158640183.16 -1.0
21618384432.3 -3450765358.4 -1.0
25060818615.5 -1970940945.05 -1.0
23308060861.1 -1255526916.02 1.0
16947813618.2 -9871508.92428 1.0
-22044462032.9 7740346833.94 1.0
26178755873.8 923604343.813 1.0
25173497665.5 1628937350.0 1.0
23877139758.2 2099356992.12 1.0
24496695119.3 -8600813171.51 -1.0
26327391570.5 -7578380447.52 -1.0
27105090846.3 -7342392350.91 -1.0
24375273005.8 1433719617.33 1.0
25523671224.5 2973071622.03 -1.0
30733953522.6 2186916014.61 -1.0
15657996476.8 1269810306.15 1.0
15539854816.1 2044221195.57 -1.0
16930035802.9 2124112543.18 -1.0
21498339570.0 1347435344.34 1.0
15565235317.3 2490180358.5 1.0
10451851532.0 3579097870.94 1.0
-44910331885.1 -27254543459.8 -1.0
-34263194976.9 -21069354111.6 -1.0
-19872129505.4 -13147687257.4 -1.0
19039965555.8 2085554628.54 1.0
18805860318.7 2124682523.25 -1.0
16501722405.5 2572073852.13 1.0
13789426330.4 3027878385.01 1.0
31049127533.0 1341729471.19 1.0
30829565474.9 1477491946.4 -1.0
31614569563.7 1323082024.01 -1.0
13335699327.6 -4292695044.09 -1.0
10149824996.5 -3953210152.43 1.0
17293762542.6 -5495067310.03 -1.0
14911522070.2 -10206550707.8 -1.0
7849276879.25 -10217345450.4 1.0
6754897249.65 -10841412111.5 1.0
-23524344283.0 6419979514.21 1.0
-24034156633.6 6173667520.51 -1.0
-29308673760.0 6832843798.57 1.0
31261252614.0 163578839.942 -1.0
30660812782.0 232869883.75 1.0
31008244441.9 19429435.8846 -1.0
31575725394.9 370879571.714 -1.0
17503638436.4 -7649307063.43 -1.0
12729489258.3 -7223597493.75 1.0
13918666815.3 -8343646947.48 -1.0
-91392179136.6 17569434556.9 -1.0
-105104685644.0 25311501820.7 1.0
-108080709032.0 30504917530.3 1.0
-176174721789.0 5532171801.69 -1.0
-165190974600.0 4121090856.22 -1.0
-164055155157.0 15900904334.6 1.0
15976931018.6 -71171854.1548 1.0
15726462977.2 -1064484355.66 -1.0
21261864018.9 -772154396.452 -1.0
16360174980.5 662817111.959 1.0
30822032140.8 -90911529.5065 -1.0
30523098635.5 -48795405.0411 -1.0
29595050330.1 69107672.1336 -1.0
-101431423391.0 39310700957.6 -1.0
-86941526356.1 41138703631.0 -1.0
-95207066660.0 43062812608.7 1.0
19494676446.0 -675627523.253 1.0
22674574860.5 -937243.214477 -1.0
26528677194.3 790132544.625 -1.0
29154368229.9 -2307830827.88 -1.0
27405338113.1 -2170492054.22 1.0
27764794468.3 -2459416607.37 -1.0
21619592372.6 -336398486.777 1.0
19446043019.8 942278801.258 1.0
8812869215.42 3048801077.25 -1.0
15367898982.9 -7161696403.49 -1.0
9667890482.76 -7482770519.51 1.0
11243309327.9 -4005500935.18 -1.0
-14950233424.4 -10979450418.5 1.0
-8272949384.71 -11752036094.7 -1.0
-12291477317.4 -12476300213.9 1.0
25855570883.1 1789978476.35 -1.0
25418631480.5 2274427538.04 -1.0
29599221961.7 1126050976.58 -1.0
28196259472.2 1079135217.93 1.0
27895066129.8 -2043322514.09 -1.0
28321567381.2 -2378785873.94 -1.0
31073836980.0 -1515106164.69 -1.0
-3187775109.25 2195160304.66 -1.0
-2489521864.09 3067389471.89 -1.0
6095179599.72 2560151457.34 -1.0
-95978690062.5 -7177202247.51 -1.0
-94298543580.7 -10631276644.4 -1.0
-49042065594.3 -10664080675.2 -1.0
-64882966729.8 -8082199970.54 1.0
30383258811.6 -2381242723.03 -1.0
27576073064.6 -1122994969.48 -1.0
31535830502.4 -530874686.736 1.0
30514294021.6 -251686704.214 1.0
32326362752.9 -799991346.14 -1.0
23726187554.2 -6081159972.57 1.0
16126371670.2 -4014881589.74 1.0
12267236449.3 -3011254603.39 1.0
9494063889.49 3781575479.17 1.0
-4144014902.51 5920291978.74 1.0
-19921612332.6 7973658988.22 1.0
29867975959.9 728728095.286 1.0
27788329572.5 1085913079.31 1.0
29384756637.0 744328207.135 -1.0
24809785690.1 1280209487.33 -1.0
22525331933.4 1700019694.15 1.0
20352172135.5 2407054107.4 1.0
22929012911.6 1852671516.76 -1.0
19165785096.0 296931549.391 -1.0
18449025579.8 157812221.867 -1.0
25307110448.7 -1111286329.84 -1.0
27429186340.5 -1412522873.85 -1.0
19058977817.0 1424566689.75 1.0
20112808510.3 1172165850.7 -1.0
21724390338.3 1239666670.99 -1.0
18150559011.5 2258398698.26 1.0
21754582913.1 1084018370.52 -1.0
19808390401.7 861458782.429 1.0
16399387389.4 1555399396.41 1.0
27263024728.5 388961900.21 1.0
25420957410.3 514978534.928 1.0
24298132540.9 463921166.802 1.0
9229612384.98 3304507680.23 1.0
21713137787.8 846996578.865 1.0
26253515554.9 -1132124877.73 -1.0
31102186566.4 -1397629673.9 -1.0
22403331896.0 -4569409917.47 -1.0
20159441138.0 -3972984533.54 1.0
19062388977.9 -3834795306.64 1.0
2939446253.94 2804097291.97 1.0
4429183140.34 1694772216.91 -1.0
-53572487978.7 13080603408.7 1.0
-45690051704.2 11420292116.8 -1.0
28366303575.5 -2788820026.69 -1.0
26270600182.7 -2695901357.62 1.0
26111087759.3 -3128920490.17 1.0
10598923956.2 -3114614050.09 -1.0
10134099972.4 -2680205870.07 -1.0
18510260525.1 -2701661439.09 -1.0
29021228952.3 1430967121.55 1.0
30298576442.4 1283062073.17 1.0
29665894091.7 1969403985.24 1.0
17103266288.9 2748559125.11 -1.0
10574449744.0 4833576854.48 1.0
11973442249.2 4648303441.27 1.0
28846797824.8 -504627427.063 1.0
24813863479.2 70369851.1032 1.0
27800276587.3 -602782030.522 -1.0
24198301241.1 708274080.821 -1.0
24942010400.7 613558428.191 -1.0
23110969876.1 2888909284.65 1.0
20575553572.8 3014861398.06 -1.0
25498908841.9 502124822.313 1.0
25468967463.7 290672116.026 -1.0
22902469931.0 1597247433.43 1.0
25174904094.3 2288377272.45 -1.0
28694945829.7 2169631621.82 -1.0
-4973777235.75 -11854943210.5 -1.0
-13194534436.3 -11383318492.4 1.0
-11415569215.3 -12556959734.8 -1.0
14553664610.1 4479696225.77 1.0
11879580619.9 5818457937.21 1.0
9699841635.18 7086141484.11 1.0
23938560090.0 -2997609325.83 1.0
22932281470.3 -2800921607.95 1.0
28711020922.8 -3170456124.39 -1.0
28953912379.1 -3354068578.52 -1.0
25661979434.1 1462919972.75 -1.0
24542159622.5 1734598558.91 1.0
25031633259.2 1735947822.77 -1.0
11915769793.5 -5510033112.82 -1.0
6630152440.45 -4780268921.94 1.0
10495512614.4 -6063314609.17 -1.0
14690752570.6 1573310007.06 1.0
13209431698.4 2501297108.19 1.0
23501468952.7 248291565.727 -1.0
24254469795.5 1629742515.4 -1.0
23160317389.4 -819247287.176 -1.0
18344700834.6 653089955.806 -1.0
29997745139.5 -437110224.699 1.0
21805126129.2 784643457.271 1.0
20764256746.2 324434228.523 1.0
21153348015.8 -121436015.798 -1.0
21441500154.4 -330085052.615 -1.0
25340918970.9 -2176976518.23 -1.0
6408934383.44 -805190365.822 1.0
-654992083.385 1109304046.72 1.0
13257247.6042 831794616.804 -1.0
18760987525.3 -684432659.946 -1.0
17156814894.2 -901751096.812 -1.0
20360030820.5 -1936060917.06 -1.0
19316812811.6 494995026.246 1.0
13770740460.3 -175474401.258 -1.0
11860513448.8 104099166.835 -1.0
10856784512.3 290145298.575 1.0
3963762257.12 3549655922.85 1.0
-157284504367.0 10034445070.1 -1.0
-147087571874.0 14123259715.4 -1.0
-154662600999.0 36860256430.7 1.0
25236273230.4 783975248.906 1.0
21737931074.2 1155124433.09 1.0
18145827575.9 1685539696.16 1.0
28084159920.8 482420603.424 -1.0
28731085297.9 495860589.89 -1.0
31912514212.4 604386567.269 -1.0
274931778135.0 -46172750220.7 -1.0
5280182642.23 9451295921.22 1.0
-3890271852.06 11100694594.1 1.0
-15527989902.8 13280830497.9 -1.0
11649568360.2 -1941072959.87 1.0
8651869764.29 -2136617491.27 1.0
8443190584.14 -2206767906.7 1.0
9503229383.65 -967793017.296 -1.0
28790930413.0 643071132.997 1.0
30198194317.8 2490435716.82 -1.0
-8312305205.87 -7529003007.75 -1.0
-14858734360.9 -5875913671.11 1.0
-12239668006.3 -4124889601.25 -1.0
-11407797476.3 -3231647395.39 -1.0
23607808676.0 277116343.388 1.0
21741483535.4 529144349.871 1.0
25444326263.7 -334177947.119 -1.0
25331700331.7 -389311314.751 -1.0
-10815422523.7 6449501394.85 1.0
-13010708653.2 6313036173.48 -1.0
-13238595180.9 6321068271.4 1.0
-14751460952.4 6616906505.17 -1.0
-5645503905.67 -1157110685.28 1.0
-14491466073.9 4040010171.45 1.0
-21417065359.7 3238731434.25 1.0
23940934435.6 2031616399.22 1.0
25012192164.8 1715720375.61 -1.0
23426273556.3 1703845460.83 1.0
24792215918.1 1417409970.22 1.0
24752183104.6 1377873533.38 -1.0
24033427067.9 1421008833.76 1.0
27116309359.6 -1899298752.18 1.0
25656201921.7 -781766306.103 1.0
22144468712.9 -859419311.49 1.0
29112631694.0 1256517736.92 1.0
29186508600.3 1103654831.03 -1.0
26391638601.7 1487848207.98 1.0
-13981919885.9 1868518917.1 1.0
-22653152677.2 3678538784.61 1.0
-22078998031.9 3652580696.56 1.0
24712863444.4 -1766793263.72 1.0
23324185119.6 -1372635675.07 1.0
21513755123.7 -1713638468.37 1.0
23036141229.0 4524540935.95 1.0
11697303467.1 7254791013.26 1.0
13585092234.1 21175483.9509 -1.0
27209892658.2 -1113272268.41 1.0
24147571204.5 -991764401.507 1.0
23251792994.5 -1335241605.6 1.0
29525128294.4 932635862.606 -1.0
23756343584.5 1625575345.42 1.0
-6687667437.93 -12617328685.0 1.0
-73365939423.0 859216919.138 1.0
-34820413674.4 -6413311170.06 -1.0
-62315192966.4 14433329845.5 1.0
-64420237733.1 19351218236.2 -1.0
-49455727089.9 16715439575.0 -1.0
30098268007.6 238050366.202 -1.0
30261670136.0 -141296812.663 -1.0
32349368074.6 -188532050.477 -1.0
31934827057.6 89601858.6918 1.0
-68074918726.1 4734166736.51 1.0
-68767480992.3 5547034680.96 -1.0
-48828169069.7 5537060316.17 -1.0
27060788053.5 483807404.325 -1.0
26517886662.3 692622219.193 1.0
27445087555.4 482699417.824 -1.0
26947508887.6 586256843.275 1.0
8615218486.2 2688419681.81 -1.0
12803937361.4 1767737014.37 -1.0
-6903452715.01 4065203055.51 1.0
3110558241.78 3672814239.55 -1.0
18805158643.1 633829084.636 -1.0
21247527046.9 -637825286.448 -1.0
4884873053.58 -13149419143.8 1.0
5973223884.4 -14610265184.3 -1.0
-2966360125.97 -12655365927.6 1.0
27545759949.1 -1171329357.42 -1.0
26521297045.2 -1146342710.82 -1.0
22527986505.1 -616008161.807 1.0
24798533311.7 2586125886.87 -1.0
25277269828.6 2790975681.74 -1.0
23201483276.7 3014841630.45 1.0
27281549420.9 2619701526.13 1.0
28745935017.0 2793694099.82 -1.0
26105099408.5 3516728285.7 1.0
19022307505.8 2468692188.09 1.0
8062300191.82 4994457337.22 1.0
5824229829.78 5843797884.63 1.0
-94010743535.8 70205550342.2 -1.0
-133139489656.0 104676531836.0 -1.0
-133780170561.0 114715031368.0 -1.0
24440890838.1 882343955.148 1.0
14417160725.5 -2653972003.06 1.0
8498719365.97 -2583160305.01 1.0
20237887892.1 -5458368966.56 -1.0
18493300166.9 -2274896626.84 1.0
25587072330.4 -1819975322.71 -1.0
23104460270.0 -1510029289.23 1.0
20298130328.8 -5264653079.7 -1.0
13801974409.9 1014913554.63 -1.0
16695676476.1 514281521.943 -1.0
23118347687.3 -737441768.173 -1.0
25175332324.0 -601192017.302 -1.0
22798500879.9 -307772837.61 1.0
20196201787.5 562570161.798 1.0
23739046297.9 -154593833.755 -1.0
14111242709.8 -439875360.952 1.0
11267298225.6 -119631187.002 1.0
10966894064.7 510141126.76 1.0
9218087245.42 2543778180.53 -1.0
4315098358.05 8526501157.78 1.0
17487909551.8 8060519013.84 -1.0
-239598154203.0 -21897872133.1 -1.0
-254680147202.0 -18768142095.1 -1.0
-174361836381.0 -40199633066.4 -1.0
-197639647602.0 -34642650893.2 1.0
21813086252.7 -3983023627.38 1.0
26166170799.5 2136095189.75 -1.0
26198301444.1 1842559508.05 -1.0
26498544788.9 1631473340.68 1.0
15977732705.8 -2465609444.52 -1.0
14536887724.4 -654203362.327 1.0
17990041125.6 -906480209.876 -1.0
25965814789.3 1972355097.5 1.0
25094472411.9 2484621588.15 1.0
27280914818.2 2364232357.74 -1.0
16569390109.0 4566395419.58 1.0
20974211860.6 3602930877.96 -1.0
28841853540.1 2100561644.9 -1.0
25904156518.3 -1637844803.96 1.0
25669063059.9 -2078504632.87 -1.0
26965068688.4 -602527580.557 -1.0
20173190502.1 -6137933073.15 -1.0
15927306338.4 -5943698075.03 1.0
15702397464.2 -6292574761.25 1.0
23283405928.1 7386879.87365 -1.0
23835129538.2 103698443.796 -1.0
22915217616.1 416604333.78 1.0
19916623513.2 1036463374.27 1.0
-437267447709.0 -81679289859.6 -1.0
-386588022653.0 -92298312219.4 -1.0
-318627972302.0 -102336332105.0 -1.0
28551399631.6 156952857.446 -1.0
27939238625.9 371365941.684 1.0
26946557819.4 482907232.298 1.0
18857408490.4 -6108417855.32 1.0
17167715403.5 -4594711391.08 1.0
22456497143.6 -4295820967.37 -1.0
29027285087.5 47495442.1738 -1.0
28498328051.0 252043902.728 -1.0
28864123313.2 186474283.232 -1.0
-8503952669.06 -3511022449.14 1.0
-20840913049.7 -27153383233.1 1.0
-639509191.504 -21457934887.7 -1.0
11237016587.4 3862866812.07 -1.0
12650856933.7 3882903308.92 -1.0
13122056329.2 4388772938.99 1.0
18678546499.6 -1780349190.9 1.0
15686451008.3 -1541231492.55 1.0
16482209372.5 3199805083.73 -1.0
14345556129.8 4199287823.67 1.0
12266428861.9 5338560036.12 1.0
