32156208437.7 -6292763519.26 1.0
-2443026573.29 -8490747410.36 1.0
6774513842.29 -2912772004.03 -1.0
26952401891.1 -719155351.935 1.0
24133363524.2 -1515423747.52 -1.0
-61526277352.3 101443572647.0 -1.0
-644658201811.0 -30807511382.8 1.0
-581301357515.0 -9539848501.59 -1.0
-48113986798.7 -15011773543.8 1.0
-67313070162.8 -21386576360.5 1.0
-56403484737.8 -35469200952.7 -1.0
19522245967.9 -4950405777.55 1.0
15628997472.6 -6103922224.55 1.0
12812176674.9 -6532535395.84 1.0
-27716994094.8 6373809462.14 -1.0
-35061691516.3 667804683.436 1.0
-34159805631.5 1181184274.41 1.0
4614007035.98 -566813877.239 1.0
-1491904769.29 -1632908939.71 1.0
-12110037343.9 -3629390552.28 1.0
18880821852.8 932064920.893 -1.0
-63430560740.7 -16649005418.8 1.0
-87538909980.8 -21200210966.2 1.0
3111210339.2 12920794304.2 1.0
-1386012191.59 8528879162.39 1.0
10086094012.4 8837199809.16 -1.0
22427800287.1 -2743955854.31 1.0
18726608726.4 -3010632027.49 -1.0
16872251023.1 -3467998289.1 -1.0
23588093416.6 -900315511.592 1.0
21532571327.2 -1087388530.02 1.0
21181097131.2 -1226815489.79 1.0
25072086041.9 4077917236.67 -1.0
22765008465.1 3775558481.19 1.0
23413422851.1 4146916998.21 -1.0
9577437099.7 10629450593.9 -1.0
2613433649.0 9946554698.11 1.0
26437282624.4 283241154.791 -1.0
23591673825.9 -36123700.8429 1.0
25369104300.0 484796747.849 -1.0
29657644553.7 -87940802.1876 -1.0
30260271671.5 -192403245.339 -1.0
28760751866.9 -290748813.212 -1.0
32248117832.9 945409320.328 1.0
26820363252.0 -71816109.242 1.0
24568766978.5 -245343134.606 1.0
29968527616.3 -1728305339.97 1.0
29030879845.9 -2142457466.5 1.0
9298902473.87 -4040609649.23 1.0
-1239898963.33 -5247601779.35 1.0
-5109109538.52 -5190505751.61 1.0
12854583035.6 992276090.543 1.0
4043150164.83 130020919.754 1.0
11506384844.2 1598912175.81 -1.0
22255572407.6 -1486009148.8 1.0
22239971059.2 -1538426097.32 -1.0
22245264429.4 -1570349429.4 1.0
-50718866001.1 -9185313981.25 1.0
-85811625545.2 -12068880595.9 1.0
-88720209118.8 -9240215792.43 1.0
4995196026.51 -9835636490.47 -1.0
-3788303168.67 -11474976838.2 1.0
-9998833203.37 -13075486544.4 -1.0
-145167778945.0 -27696098658.2 1.0
-107875665369.0 -19003814459.2 -1.0
-275775452189.0 -50866855478.4 1.0
28918386102.3 -48742011.6927 -1.0
27885604445.1 -270728604.023 1.0
28205475477.5 -8858959.61092 -1.0
-6388722039.92 25016834809.6 -1.0
7851147463.38 20332662578.1 -1.0
17908915340.9 -1457995403.58 -1.0
-7480219504.92 7230511011.37 -1.0
-8233266002.41 3972782595.51 -1.0
9703901540.93 857267855.347 -1.0
12652911376.8 1297687234.97 1.0
5999743063.55 362275831.341 1.0
8492976742.2 866002366.888 -1.0
27692045563.4 662613333.989 1.0
18114263424.2 -1400308782.88 1.0
18766948457.0 -907188745.171 -1.0
24701964653.0 8135622433.76 -1.0
17894773905.1 8483306747.34 1.0
25215340855.4 9724762970.65 -1.0
15563092900.1 1692746600.35 1.0
19358027046.2 3094665209.74 1.0
5707475597.12 1073964446.45 1.0
30104190420.0 -141976559.382 1.0
29297336266.4 -732683988.573 1.0
26871623963.1 2611606425.67 -1.0
24820286730.7 2378245591.16 1.0
23678502110.8 2276960698.25 1.0
30427486050.5 -736809590.611 1.0
29057586431.3 -831450245.614 1.0
25027917495.8 -1451948586.58 1.0
18685603744.5 -5640613355.65 1.0
15327760897.1 -6264976485.44 1.0
12578734942.9 -6912052281.97 1.0
-68863251711.0 -9868589742.31 1.0
-58812991643.9 -13953151275.7 -1.0
-63047362133.2 -16987185304.2 1.0
13806245511.5 1376029578.6 -1.0
12740752424.6 1494642260.09 -1.0
13339202776.1 2635734252.17 -1.0
16681554210.3 -165174933.698 1.0
18651276422.0 98938329.5672 -1.0
25797802913.3 346803513.869 -1.0
21367946591.9 600686164.247 -1.0
23758317756.3 2167811536.74 -1.0
24388730802.5 -1801294583.57 1.0
22471212061.3 -2371920158.8 1.0
21126021240.6 -2970222188.98 1.0
13292073731.9 -1109683256.93 1.0
8030870948.97 -2101813406.9 1.0
4635046849.47 -7036819071.34 1.0
7761505780.37 11016268869.8 1.0
7558369489.6 11978064138.8 -1.0
12200571546.4 10791654054.6 -1.0
-30543708495.9 -9819054099.06 1.0
-44759229532.7 -10055102802.0 1.0
-35095497589.0 -9589963479.01 -1.0
27663281942.0 -1409233121.95 -1.0
25821314138.8 -1978600388.81 1.0
25274186068.5 -1872431261.89 1.0
-52946027433.4 -5557857982.58 1.0
-63227263101.7 -7405692340.04 1.0
-79594866442.9 -11032177250.7 1.0
19224315709.0 -3205676493.46 1.0
17840182251.9 -3223101257.93 -1.0
11164604394.1 -5337441167.66 1.0
21930534445.4 385290962.957 1.0
22259589093.3 355523164.565 -1.0
25073376790.6 469985443.573 -1.0
24222182208.8 -878421866.006 -1.0
23115959020.1 -909290864.05 -1.0
20986386750.3 -122596607.991 1.0
12788240408.9 -4722456845.58 1.0
8105853663.06 -5553580558.0 1.0
6097304334.77 -6266175040.55 1.0
-25712232679.3 4518914594.09 -1.0
-4282971833.98 5310710557.99 -1.0
-14479961442.0 1494438171.15 -1.0
26465070215.8 -1239879975.59 1.0
23820804775.5 -1372830092.87 1.0
23617380111.1 -1614085665.54 1.0
9666213586.62 -2845518691.19 -1.0
5615123486.53 -3510119620.73 -1.0
5497566157.82 -3253928240.89 1.0
618347244.146 16114778199.8 -1.0
-3408038435.88 14949044948.7 1.0
-10842325420.6 12937853475.0 1.0
337145877.057 -4887007216.65 1.0
-53321885640.2 -16231633257.8 1.0
-56860284979.9 -24511371741.4 1.0
15883296290.9 -1762189601.37 1.0
14454886116.7 -1706359009.03 -1.0
31383057591.7 3878327190.62 -1.0
30030550015.1 2715353950.27 1.0
25409257414.7 1585921926.88 -1.0
30458602692.5 -375924815.269 -1.0
29783663300.4 -786537380.813 1.0
29569085492.7 -908096563.722 1.0
6571616982.78 12108801367.3 1.0
12461960584.6 13387666304.1 -1.0
31802483613.5 1229393065.28 -1.0
26035971874.8 -1565378543.27 -1.0
24200013447.0 -1814224013.62 1.0
26167592505.6 -1325974005.82 -1.0
22912674496.9 -10446736568.9 1.0
19007882066.0 -10962608908.1 1.0
16563751074.8 -11407527765.7 1.0
-24383626559.8 -11957572880.7 -1.0
-26848779696.2 -13564594997.8 -1.0
-23522161433.6 -14285695595.8 -1.0
23376159704.3 -3443471196.02 -1.0
22048941269.7 -3692170257.99 1.0
19074402234.6 -4314676101.47 1.0
18711006065.3 -2342147907.32 1.0
13957171093.2 -2836683779.61 1.0
20132520396.5 -1447485627.65 -1.0
7907646655.62 1166459126.33 -1.0
7888790876.06 1420882253.29 -1.0
18401178618.3 3249935461.25 -1.0
27337507468.5 1427234044.29 -1.0
24909312251.6 1147929161.55 1.0
24382056873.1 1313014895.07 1.0
24626103557.8 1724672983.7 -1.0
24379998359.3 1897604927.7 -1.0
26744302330.9 1274496302.59 -1.0
18874237049.0 -1628263274.12 1.0
22620316244.9 -920315014.754 -1.0
27718631652.9 -7193486.45994 -1.0
25020325016.8 -1256056556.92 -1.0
23749517177.1 -1654456435.6 1.0
22985705069.3 -1836187096.16 1.0
28828152205.1 421896129.457 1.0
27107902362.0 -23579316.293 1.0
-17802896930.8 -368790168.432 -1.0
-28232485227.5 -1014855791.42 1.0
-36470464733.6 -4431958166.33 1.0
21833846345.0 -3069755547.26 -1.0
20783289110.4 -3036892464.35 -1.0
19624820520.9 -3544893424.24 1.0
27131707865.4 -24767077.7735 -1.0
72600340.835 -5139129036.6 -1.0
-13570778549.4 -6941712448.85 1.0
-93345747574.7 29906093685.1 -1.0
-118245745121.0 22388410981.6 1.0
-112132777014.0 27677514902.1 -1.0
-2507848453.25 3105318647.43 1.0
7811746485.71 5740046489.34 -1.0
27469002040.3 43672131.7383 1.0
25400249689.3 -353743930.558 1.0
24354873407.3 -821274288.218 1.0
14625755893.9 4898597045.54 -1.0
11455014532.6 3254555042.83 1.0
19747947046.6 5057590690.98 -1.0
19032516653.7 2283903589.6 1.0
2479492493.41 -325087465.759 -1.0
-2272996778.32 358051563.206 1.0
23047789283.8 -150847855.112 -1.0
24183494501.0 -965890264.173 -1.0
23057790219.1 -1292459473.5 1.0
-55941058094.1 9725138062.03 1.0
-80581009677.4 4423391626.87 1.0
-77149369778.2 161757383.252 1.0
-229328481129.0 97268809148.7 -1.0
-203149692717.0 108696617616.0 -1.0
-159916693553.0 115235471776.0 -1.0
23310055183.3 841531176.53 1.0
23359532480.6 2407975008.54 -1.0
22677220837.0 3965619948.3 -1.0
-3760700237.18 2775956798.3 -1.0
-10896792065.4 1207988974.08 1.0
-6460267872.09 3253480344.8 -1.0
10911553528.9 1613278188.17 1.0
-5867911244.2 -4673884965.17 1.0
-5597956301.57 -2802016598.08 1.0
-23199326286.0 -1173332213.4 1.0
-29710540191.0 -4945579891.77 1.0
-24716917702.2 -6880508594.4 -1.0
-1352004425.19 2359747243.3 -1.0
1903300038.37 1809884992.22 -1.0
14800855182.2 -872834077.11 1.0
11932243766.6 -1025574916.47 1.0
12835642107.8 -519418725.111 1.0
26577235410.2 822531016.106 -1.0
24985036888.0 676515764.223 1.0
24384286910.7 1032708168.39 1.0
-8003896179.16 7064110927.01 1.0
-12815824075.7 6258391009.33 1.0
-15474657326.8 1730741765.08 1.0
-106760273715.0 9116545308.3 1.0
-132953320991.0 3178601150.41 1.0
-146641039124.0 186457466.197 1.0
18075393438.3 684569097.288 1.0
-66699474098.9 -17786942404.9 -1.0
16427476203.1 -2148868647.86 1.0
13428324947.5 -3180743521.43 1.0
11028962165.9 -4608826411.56 1.0
22159948865.4 -1500480813.61 1.0
19923229782.4 -2467911834.19 1.0
19237948542.2 -1983325822.78 1.0
30718168760.2 -2699916694.15 1.0
31111333161.5 -2714037453.66 -1.0
31811442699.6 -2794025023.14 -1.0
20908220590.9 744433875.63 1.0
22990001385.3 -651793318.174 -1.0
25258853990.8 -286706243.8 -1.0
25587656495.7 -2922902157.69 -1.0
21501808601.4 -3736390433.84 1.0
17832567597.1 -4583575031.02 1.0
27995674914.1 -484628990.903 -1.0
27313270082.8 -526473758.238 -1.0
26862603812.3 -438938815.787 1.0
-20942598563.2 30121329092.7 -1.0
-30992816067.2 27587994937.1 1.0
-21456993622.2 28378833862.9 -1.0
21666990258.5 -845616178.247 -1.0
18773584478.3 -524827681.88 1.0
20028102538.1 -391369942.764 -1.0
10838634183.9 15395608493.7 -1.0
6313633936.86 15525961579.6 -1.0
21006769846.5 3756677280.53 -1.0
27884264178.2 31814153.2442 1.0
22437619196.4 -853511248.584 1.0
13622554446.0 -1973797568.68 1.0
1229654586.66 15670913937.8 -1.0
4580172853.23 13366109276.4 -1.0
1395520892.3 -855018813.174 1.0
4054811281.85 -4316950425.41 1.0
3888009111.67 -4044893913.01 -1.0
1391851867.09 -4618341679.98 1.0
16818952829.2 8195490746.92 -1.0
13708156619.1 7894107466.61 1.0
14088330729.5 8459365677.34 -1.0
26713819663.9 -1007512614.55 -1.0
25334913668.5 -1374052816.52 1.0
21925458439.5 -1833599304.28 1.0
16787163546.9 5837661352.18 -1.0
10663329393.0 5620523898.72 1.0
12183141378.7 6349925023.26 -1.0
5933833363.12 -3344841681.91 -1.0
5619088497.08 -2817674230.05 -1.0
1775979406.1 -4001221350.94 1.0
22600726261.6 -1054758635.3 -1.0
23955826608.9 -2215379683.42 -1.0
25091026398.9 -1281320669.9 -1.0
-16176872223.2 -1994335475.33 1.0
-9823203354.57 -1179586615.65 -1.0
1802348580.63 -100500118.244 -1.0
9849379156.81 10004912716.5 1.0
-17451337059.3 6727399261.13 -1.0
-5280466019.19 4363173766.02 -1.0
26141512250.6 -60572134.9755 -1.0
23122782409.9 -837435530.271 1.0
17550330182.2 -1577934872.47 1.0
21097146717.5 697871685.383 1.0
22995804690.2 1648219508.64 -1.0
26381961401.1 2850599315.05 -1.0
20127298072.2 6191896849.41 -1.0
16572520450.4 5833106798.14 1.0
17220364911.5 6349733619.31 -1.0
-2085036826.78 1686427122.27 1.0
1725745349.21 2068599610.27 -1.0
9578466604.14 3617665017.42 -1.0
21863510427.0 6666636601.13 -1.0
17432784762.1 6137717456.92 1.0
22704775251.2 6360284966.94 -1.0
31296750125.0 220611622.116 -1.0
28094147940.9 232246662.439 1.0
18062727392.5 -1700259143.8 1.0
-46758651772.3 6016317310.82 -1.0
25812891605.4 -322301992.68 -1.0
26217791648.5 -459866658.002 -1.0
26484301764.6 -585120480.953 1.0
25779496307.4 -1401558580.13 -1.0
24300360925.7 -2257602263.8 1.0
18898515781.8 -1760240499.73 1.0
-69349972203.1 4619810350.66 -1.0
7171847443.91 18662402874.7 -1.0
-25308808526.5 16268541222.0 -1.0
20988204133.6 -1634072671.54 -1.0
21001364572.3 -1485855514.61 -1.0
23144409768.5 -1161035461.69 -1.0
-96495106896.7 -12734538095.8 1.0
-170887277285.0 -10099259237.9 1.0
-260197553518.0 -19493789360.8 1.0
27367136454.0 -67998102.2825 1.0
27694959094.8 -426770697.111 -1.0
26186110675.7 -889280517.513 1.0
-6432704565.91 12284497445.0 -1.0
21478845115.1 15327472791.2 -1.0
26466181334.0 5675806715.41 -1.0
-45601078755.6 611717278.949 1.0
-25870262326.8 2507751908.21 1.0
-9264110604.24 5636102975.42 -1.0
19141560362.3 9134045469.19 -1.0
19555215858.5 8942512784.9 -1.0
27869887316.3 -456398358.836 -1.0
25266707325.4 -1165205618.42 1.0
28068680698.3 -642115802.415 -1.0
18275954207.3 474389642.887 1.0
16190196304.4 55867514.9688 1.0
17251355054.0 -1580895594.75 -1.0
19706966546.5 -2234419538.26 1.0
17613088375.2 -2819601365.19 1.0
14031553846.1 -4071412063.65 1.0
28549927694.7 498610309.649 -1.0
26513432470.3 173335362.123 1.0
25494763303.0 -17975947.218 1.0
30668572390.7 38504634.2733 1.0
30410656527.7 3154066.26285 -1.0
31026413770.7 162220699.28 -1.0
21637895760.3 525557073.082 1.0
25179932123.4 595007406.76 -1.0
27872789627.3 1033416449.66 -1.0
23897149913.1 -1099462660.54 1.0
26789386483.9 -427133349.209 -1.0
29392900315.7 -246022487.744 -1.0
24863308139.0 -1372607542.93 -1.0
27444545632.4 -804413921.025 -1.0
29843359318.5 -570872695.552 -1.0
29308488836.2 2746411848.98 1.0
29832080814.7 3350942245.91 -1.0
27558722597.2 3461087058.77 1.0
36544736816.7 2658414312.21 -1.0
28052546343.9 213473486.667 1.0
31178531594.1 3218439594.37 -1.0
-367117248.687 5899306678.75 1.0
-12192713452.9 871803363.55 1.0
-10058429356.6 349386261.223 1.0
-77254099963.2 -24207808490.0 1.0
-106236563007.0 -25188345831.2 1.0
-111585859206.0 -22272993681.6 1.0
3126991631.53 -5428747775.23 -1.0
2003758221.91 -5799424599.37 -1.0
961415788.806 -7239962844.08 1.0
5660025143.21 14455192772.4 1.0
416001092.463 13845377339.7 1.0
8021578252.91 12348053659.8 -1.0
-51244465912.1 19400755255.2 1.0
-47844141962.8 12043230315.7 -1.0
-24481570438.4 21831569380.7 -1.0
21998328187.6 -326570255.563 -1.0
18615125578.5 -1120955944.66 1.0
21875336090.9 -580926160.161 -1.0
32546799780.5 -303787211.339 1.0
32226019872.3 -658938726.663 1.0
30898280405.4 -1202001861.82 1.0
16100744199.5 -1495322732.68 -1.0
15563459108.0 -1434398216.61 -1.0
24041975026.7 230211790.439 -1.0
25625929922.6 1023060259.94 -1.0
24557716517.1 542900152.432 1.0
27596825898.5 1080980828.66 -1.0
28853492772.5 -326121947.81 1.0
26956070416.9 1329318491.07 1.0
25791606650.5 1406118184.93 1.0
16980941180.7 -1431923771.68 -1.0
17307742920.5 -1193836153.02 -1.0
21754667048.7 -1445014073.56 -1.0
-12135988003.1 3603334646.14 1.0
-754340445.072 8688514125.12 -1.0
3735287491.56 8790806912.87 -1.0
27898753035.6 -687696402.818 1.0
28027064165.0 -829955927.142 -1.0
26634734983.7 -869528934.889 1.0
33281429031.5 -42675189.3937 1.0
32130561410.3 -440175424.419 1.0
17254039948.6 -18682755915.3 1.0
6712312645.69 -20992597940.3 1.0
10623378837.9 -20207940967.4 -1.0
-89120185179.9 -7959558964.8 1.0
-113822889932.0 -18409684054.9 1.0
-140103431990.0 -27086514197.7 1.0
2825326693.82 18055602644.2 1.0
8737939361.98 16704958163.5 -1.0
17801589751.5 15692567567.0 -1.0
19480414500.0 -681724679.734 1.0
20604061822.6 -552727505.866 -1.0
25786630420.7 -577976227.543 -1.0
29679163246.1 -3661343175.49 -1.0
27896064226.7 -3421319862.82 1.0
24751024332.4 -3633168634.5 1.0
-38218734206.7 -364921509.258 1.0
-44769799503.7 -1207031018.48 -1.0
-46754100217.2 -3395035362.02 1.0
25470745307.0 2015671303.35 1.0
27051031124.5 2797593641.06 -1.0
28530096951.2 3107024121.4 -1.0
6208327678.7 18118979782.8 1.0
-3429029005.59 16648717114.2 1.0
27211089616.8 -1163345959.16 1.0
25868808665.4 -1213179016.2 1.0
25904285628.3 -1001805463.04 -1.0
28730634840.2 1144249990.92 1.0
27811889736.4 1075441934.16 1.0
27268747185.6 -871740758.188 1.0
27328563590.7 -538946441.349 -1.0
25818455491.9 -788537769.205 1.0
25073114854.1 -185361489.569 1.0
23494657957.4 -712641786.152 1.0
21867604627.8 -923590885.843 1.0
-4010424165.38 -1210252459.36 -1.0
-16432126439.0 -3656942540.01 1.0
-4361618373.51 -1449982785.69 -1.0
-169720775921.0 -23382861341.7 -1.0
-124423453400.0 -24428556725.4 -1.0
-98894993042.5 -17120468488.9 -1.0
32307419057.7 -644951912.358 -1.0
31522113197.7 -1222084025.62 1.0
28572271411.8 -2025758911.0 -1.0
27989807785.9 -536133604.823 -1.0
26794358801.6 -772312391.132 1.0
25445520829.7 -1210405729.05 1.0
21355846694.2 -2141027892.98 1.0
10463990342.6 -4437927635.71 1.0
-101621633120.0 25536794558.6 -1.0
-149260784666.0 14008107930.7 1.0
-136243511019.0 22540858803.3 -1.0
12296536384.0 -1780171071.44 -1.0
8823195842.63 -2941305747.46 1.0
8180966321.16 -3788182462.99 1.0
12563554003.8 3096817853.44 -1.0
11735357586.8 -126352497.498 1.0
18994385517.7 111077769.819 -1.0
27233748973.6 103326818.993 1.0
26230821084.6 -204095191.911 1.0
25436627306.2 -521538334.177 1.0
29887128716.4 -1167240917.09 -1.0
27726800666.8 -1803096908.0 1.0
29569128186.6 -1774043941.89 -1.0
19739988769.9 -222137680.371 -1.0
15399157217.8 -1273112373.97 1.0
14478093113.6 -499325562.261 1.0
-3157325044.37 -542539819.226 1.0
-3120964740.31 -3276350091.43 1.0
1023940593.67 -3808590455.52 -1.0
17770279136.2 3172034684.24 1.0
16894861405.6 2941193741.21 -1.0
19807525370.1 2981263592.85 -1.0
26089686743.8 -1360138854.82 -1.0
25263641374.2 -1334078727.8 -1.0
26589922512.1 -963231217.085 -1.0
26383250831.0 1745568514.96 1.0
28637170676.3 2244108439.28 -1.0
29233325399.1 2274184915.72 -1.0
22672492795.3 4248926637.98 -1.0
24180793412.3 2171771778.0 -1.0
23681320615.5 1746127844.51 1.0
22495620710.4 -1180532741.6 -1.0
19612647310.8 -1603479129.88 1.0
25411214305.3 -42320917.2768 -1.0
13229646314.5 -3838304399.49 -1.0
9653265189.84 -5272828250.45 1.0
23989348665.3 693757661.121 1.0
23001936646.1 688582847.133 -1.0
24083727882.2 -2388605767.67 -1.0
-3415098115.91 -3757534365.24 -1.0
-7406333933.24 -8544546887.34 1.0
-10227556687.4 -10047216257.1 1.0
-8165686369.15 22784727629.6 -1.0
24036027804.4 265912873.26 -1.0
19901352303.6 -281118017.155 1.0
23135196258.1 220983899.187 -1.0
-147464737463.0 -19870502569.1 -1.0
-149251447220.0 -22102573871.1 -1.0
-150417230731.0 -25749510440.0 1.0
19311848208.3 -2741224391.21 1.0
19936700817.9 -1865426256.23 -1.0
26785311780.3 -25430567.2614 -1.0
23924757540.3 1323020353.67 1.0
17925056188.3 705692103.641 1.0
13946971727.3 -140745716.83 1.0
20871750606.7 2706896741.29 1.0
20939143943.4 2649301721.69 -1.0
24513255284.2 3398289867.48 -1.0
21131266160.4 26781370.7981 1.0
21240396518.0 442215371.6 -1.0
26363742137.6 1658963695.54 -1.0
17914278785.0 -5533610348.03 1.0
10793737606.8 -6339799073.89 1.0
7857372501.52 -6548102334.39 1.0
30480454457.2 -269125885.594 -1.0
28858720488.2 -853702266.373 1.0
29123551858.1 -844927154.332 -1.0
26911951580.5 -1285984209.35 -1.0
24988086207.0 3194846689.42 1.0
23594743663.6 2289327405.68 1.0
24874449118.0 1599166664.74 -1.0
24421567350.4 -1751018667.7 1.0
24150020172.4 -1447881418.09 -1.0
24681474681.7 -1084510203.92 -1.0
-21863639738.7 2872450609.74 -1.0
-39786273211.8 -3188041633.7 1.0
-54316551634.8 -9189254946.09 1.0
-12542940985.1 -5325067141.84 1.0
-25190741511.2 -9809183137.76 1.0
-30627421706.1 -15013187295.9 1.0
31526280285.9 2279673793.08 -1.0
30740322679.6 2278485791.26 1.0
30844917814.8 2591400075.31 -1.0
-23879834322.0 1467700685.44 1.0
-39202932163.5 -3732510420.28 1.0
-40986965650.3 -6024267843.17 1.0
25380570301.3 1137169551.56 1.0
21541870666.5 892400077.937 1.0
21881387775.8 1206653481.45 1.0
24271552289.8 4847145586.95 -1.0
25524144398.6 5357737804.74 -1.0
27780165584.4 5997178927.45 -1.0
20566277566.6 3959021190.34 1.0
5267129885.79 236994692.974 1.0
5813597024.38 944706057.015 1.0
27701169475.3 -830815992.598 1.0
21826539677.0 1781393885.63 1.0
14532600339.3 4414881642.53 1.0
-11762286484.1 1631179869.75 1.0
-6769312031.78 -1454511403.96 -1.0
-5622704471.67 -2887767251.99 1.0
12841130757.1 484128609.609 1.0
9667116264.51 67635471.586 1.0
22028221704.3 1754504519.8 -1.0
-65417266186.3 -14275311133.6 1.0
-64201812827.4 -14776546539.7 -1.0
-73957408535.3 -17653536764.1 1.0
20924415021.8 -6056448080.74 -1.0
13752769934.1 -8558771917.48 1.0
18670781510.7 -9067660193.72 -1.0
27662194741.1 -1651528060.04 1.0
27277887885.8 -1350836472.92 -1.0
25677325777.1 -2779886212.99 1.0
18375463018.4 -662025822.989 -1.0
24218569904.3 231922722.863 -1.0
25537816522.9 181045457.469 -1.0
-63024122739.2 -4392149751.66 -1.0
-57451156081.9 -6467454692.27 -1.0
-74992671808.9 -15964682918.2 1.0
26298350740.5 -918108857.513 1.0
26054343270.9 -675699186.697 -1.0
25719037352.0 -897584680.519 1.0
-2839845329.19 -3448200307.66 1.0
-12168961690.6 -6541649575.26 1.0
-10509844464.6 -5272068875.49 -1.0
18300011878.8 -3879470201.34 1.0
15495999952.5 -5118965030.39 1.0
15662576538.4 -5422411647.99 1.0
-28170695899.2 -2966476148.16 1.0
-26568001560.8 -5662712873.26 -1.0
-37774877738.9 -6102252941.66 1.0
23969020522.1 895622604.067 1.0
23333326389.1 832704825.651 -1.0
-9687535865.48 -5758636324.88 1.0
17601347674.6 -3942732997.23 -1.0
15103927255.7 -4145829966.29 1.0
19903180780.6 -4368892380.71 -1.0
25917279014.9 -796680331.935 -1.0
25420456220.9 -1039536264.48 -1.0
24191468955.4 -1459241872.89 1.0
30337803064.9 1149289.45683 -1.0
28255406401.0 1886695914.67 -1.0
25492718046.1 1104392508.06 1.0
-61722107595.2 -4323938617.01 1.0
-71723048202.4 -10609390657.2 1.0
-58977906067.7 -10891527967.1 -1.0
-38680745631.2 -23831988287.9 -1.0
-58580801845.1 -29047309236.1 1.0
-74899353780.7 -32521782789.1 1.0
-28046106917.0 -1966828055.56 -1.0
-26827516856.7 -6833070273.6 -1.0
-12009248464.3 -4459693647.65 -1.0
12769701118.4 8571202194.36 -1.0
15916339610.6 6439547379.1 -1.0
23559953354.8 6817094692.84 -1.0
18787744240.0 7252061400.86 1.0
20382907783.6 7407875687.69 -1.0
5128028249.6 6805846335.94 1.0
-114958479572.0 -4919609482.58 -1.0
-131457417529.0 -5970685613.84 1.0
-114727315989.0 -8843584888.11 -1.0
6929904777.94 13411796973.7 -1.0
12093731840.9 16185888509.7 -1.0
23093828348.9 15931487277.2 -1.0
-287057901933.0 10597620483.0 1.0
-359072485745.0 2861274434.83 1.0
-424681698560.0 -18357503751.7 1.0
27889490153.7 -1185496736.12 -1.0
26491998060.6 -1691470632.25 1.0
25885892375.4 -1960809876.96 1.0
11551761921.8 3553193917.99 1.0
-3285584796.83 2067193800.21 1.0
17945168282.3 8031182418.67 -1.0
21499564952.4 5437276470.66 -1.0
24586752984.4 6049997497.83 -1.0
30269314276.7 3884531325.06 -1.0
14380004498.9 -3876352236.62 1.0
9333125029.08 3533470607.7 1.0
16304726509.7 6133467756.32 -1.0
20110064253.0 6962723797.28 -1.0
-4023140936.26 9825818974.2 -1.0
-14104034525.6 9666043043.91 1.0
-15211981829.7 12151705606.8 -1.0
21585886020.3 6881611069.16 -1.0
23880360128.3 7640810351.39 -1.0
23867886767.5 8736802650.43 -1.0
32323890878.5 -1883926310.17 1.0
32483782037.7 -2012436358.26 -1.0
-11785266942.3 -12323414198.6 1.0
30802828297.6 1594338519.08 -1.0
30758792952.8 2541919583.42 -1.0
29831132105.4 -215745072.052 1.0
18096419630.2 -3071322141.56 1.0
18445655969.2 -3619159957.86 -1.0
18454920787.6 -4311510012.26 1.0
1772774283.8 10135747443.9 -1.0
4444405121.95 9739255374.12 -1.0
19968493999.8 9142953535.86 -1.0
4425817101.19 4672456543.71 1.0
-671579755.728 4765640576.32 1.0
7583679384.01 6240337859.49 -1.0
19713031843.0 925597039.403 -1.0
20581143551.3 214113496.339 -1.0
26279945778.7 1039038084.0 -1.0
17019433756.9 2652700370.19 -1.0
18327759896.4 3063685073.13 -1.0
21112815892.8 3367267251.66 -1.0
24561307213.3 1901613468.43 -1.0
22811506652.7 1178996711.94 1.0
16456436360.0 -92806715.71 1.0
25691139761.9 -988309463.894 1.0
24688790963.9 -1697770951.27 1.0
23394378772.3 -2173518302.25 1.0
23969921013.1 8529109482.8 -1.0
25804807063.3 7514214732.3 -1.0
23889770159.8 -1505837824.52 1.0
25044489744.3 -3040453654.01 -1.0
30251494658.5 -2232875739.25 -1.0
15171893229.2 -1377782494.16 1.0
15056937580.8 -2152672729.31 -1.0
16447435388.6 -2226845836.22 -1.0
21012506184.5 -1431386592.41 1.0
15084152017.3 -2598523735.02 1.0
9975290001.75 -3708462467.93 1.0
-45513238414.9 26897223353.0 -1.0
-34840752982.7 20755876081.2 -1.0
-20417228831.5 12893464096.6 -1.0
18557188714.6 -2179610485.13 1.0
18323246383.6 -2219700881.75 -1.0
16020967998.2 -2676564932.62 1.0
30563189902.7 -1386400089.99 1.0
30344188068.3 -1523064436.32 -1.0
31128550457.4 -1365427238.88 -1.0
12826738134.6 4175124618.62 -1.0
9642286989.08 3822539668.61 1.0
16779822732.1 5393765519.21 -1.0
14378224922.0 10095411341.1 -1.0
7315995064.42 10077160244.8 1.0
6219058016.52 10696720640.6 1.0
-23988934416.8 -6689058082.14 1.0
-24499755492.6 -6444844938.42 -1.0
-29771516935.0 -7125708784.08 1.0
30770467667.4 -207386990.76 -1.0
30170317895.4 -279146949.84 1.0
30516868774.5 -64279383.0965 -1.0
16980836849.2 7548850234.64 -1.0
12208478916.4 7103509046.37 1.0
13393039853.3 8228439901.04 -1.0
-91810339557.3 -18117547055.9 -1.0
-105490888355.0 -25915945919.0 1.0
-108445526986.0 -31121557554.6 1.0
-176641672248.0 -6429081496.37 -1.0
-165663821479.0 -4972838303.61 -1.0
-164479563383.0 -16747880730.5 1.0
15485309854.5 -35499954.899 1.0
15230758615.3 956774015.367 -1.0
20767315141.1 687212640.049 -1.0
30330204235.8 45294791.277 -1.0
30031446474.8 1949563.13633 -1.0
-101760080974.0 -39899919186.5 -1.0
-87262788243.6 -41668312052.1 -1.0
-95520345125.1 -43626399440.8 1.0
19000539512.1 583418457.782 1.0
22183185912.2 -78187764.2205 -1.0
26040509177.4 -853399629.951 -1.0
28653436638.1 2255336537.15 -1.0
26904986163.8 2110805477.96 1.0
27263251184.0 2401205966.99 -1.0
21126832655.0 252931688.403 1.0
18958560655.8 -1034674203.55 1.0
8334140531.62 -3184910999.56 -1.0
14847120914.3 7052459785.52 -1.0
9145840102.8 7350088073.6 1.0
10735547009.5 3879327313.99 -1.0
-15486456809.2 10745488471.5 1.0
-8812406750.17 11545530084.8 -1.0
-12833879463.9 12253260593.9 1.0
25371520746.1 -1856005470.8 -1.0
24936577491.0 -2342247488.56 -1.0
29112409547.3 -1176686621.03 -1.0
27395233064.0 1985651176.87 -1.0
27820351007.5 2322865822.61 -1.0
30576149488.3 1470513009.21 -1.0
-3669913166.77 -2380633944.05 -1.0
-2968078505.12 -3249983943.9 -1.0
5614464173.05 -2707442882.35 -1.0
-96498590169.8 6610016952.7 -1.0
-94832663886.5 10070972277.2 -1.0
-49576703582.1 10289907805.7 -1.0
29882014896.3 2333802017.91 -1.0
31042187070.8 488189952.047 1.0
30021807479.9 204802934.522 1.0
31831605806.7 760555652.676 -1.0
23209782846.4 6006308634.9 1.0
15618529471.5 3908791048.63 1.0
11763554627.7 2889300619.79 1.0
9018343214.02 -3914877572.42 1.0
-4610824074.16 -6109666954.87 1.0
-20379842932.2 -8227907025.42 1.0
29379527154.7 -778261763.183 1.0
27301367394.1 -1143996938.76 1.0
28896376079.2 -795849137.479 -1.0
24323647809.5 -1350541920.14 -1.0
22040939978.1 -1779744124.82 1.0
19870706465.7 -2495710374.59 1.0
18675650904.8 -390485060.388 -1.0
17958325277.9 -254314812.797 -1.0
24811132568.7 1042979078.03 -1.0
18573482290.2 -1518549942.74 1.0
19626265991.2 -1261817021.83 -1.0
21238111807.7 -1322689124.27 -1.0
21267663973.6 -1166917963.58 -1.0
19320572574.8 -952364598.492 1.0
15914452448.0 -1660319961.18 1.0
26773200557.7 -449212138.841 1.0
24931667103.0 -582803800.171 1.0
23808641740.3 -536364841.131 1.0
21225244370.7 -930068632.948 1.0
25757443965.2 1067709844.1 -1.0
30604981994.7 1353154108.75 -1.0
21893155933.3 4489130697.69 -1.0
19651737143.9 3883481637.99 1.0
18555262609.9 3740781601.13 1.0
2459760822.91 -2964365618.89 1.0
3944922654.57 -1848922905.59 -1.0
-54009430023.6 -13473208267.7 1.0
27863400426.6 2733080499.36 -1.0
25768096916.4 2631543364.08 1.0
25606804912.1 3063902788.31 1.0
10094831145.8 2985797722.31 -1.0
9631797736.18 2549481478.72 -1.0
18007799203.1 2605386511.98 -1.0
28535675491.8 -1483977368.67 1.0
29812403871.6 -1330820070.15 1.0
29182549673.0 -2019758286.37 1.0
16623232646.3 -2850574670.87 -1.0
10103046623.9 -4962426617.03 1.0
11501265300.6 -4771400965.6 1.0
28353285086.4 450883405.362 1.0
24322749710.8 -140695745.135 1.0
23709816264.5 -781126276.718 -1.0
24453129585.6 -683352682.807 -1.0
22631462657.2 -2966215036.27 1.0
25009565010.3 -569629596.015 1.0
22417652102.1 -1675421632.39 1.0
24692909538.9 -2357199511.99 -1.0
28212433123.4 -2223977565.5 -1.0
-5513685743.07 11662005233.5 -1.0
-13732433707.2 11156574004.7 1.0
-11958310508.0 12337521885.5 -1.0
14080772387.5 -4592183184.44 1.0
11412217100.6 -5941931600.79 1.0
9237710306.47 -7218569301.44 1.0
23434835676.6 2923657517.99 1.0
22429374509.0 2722832820.19 1.0
28206545257.6 3116131129.91 -1.0
25176585801.4 -1529745940.26 -1.0
24057892826.2 -1806027846.64 1.0
24547367872.3 -1805363981.84 -1.0
11401813916.7 5386612476.03 -1.0
6119242656.97 4635115661.31 1.0
9979293202.14 5934048029.92 -1.0
14205905743.5 -1685257728.83 1.0
12728414044.3 -2619329388.34 1.0
23011098044.1 -324013598.204 -1.0
22665558770.4 742113130.616 -1.0
29504500353.0 388100413.868 1.0
21316975486.9 -867337707.171 1.0
20274222149.3 -411413279.772 1.0
20948767909.1 245885846.293 -1.0
24840557812.3 2108799301.54 -1.0
5914375255.94 659160894.965 1.0
-1141617494.37 -1284369987.71 1.0
-474515161.724 -1004114515.27 -1.0
18266820582.9 589205989.093 -1.0
16661767727.6 799924913.697 -1.0
19860702631.3 1847400238.55 -1.0
13278708977.8 59728044.06 -1.0
11369647958.3 -227699580.501 -1.0
10366692685.4 -417872295.774 1.0
-157733097551.0 -10853624610.5 -1.0
-147519434740.0 -14900466519.9 -1.0
-155000886609.0 -37668425668.7 1.0
24748090820.3 -852557811.962 1.0
21251304722.0 -1238091910.78 1.0
17661413107.4 -1783276365.06 1.0
27594713184.0 -539292869.872 -1.0
28241688366.0 -550072054.647 -1.0
31423536720.7 -645512467.755 -1.0
274248359292.0 47130723330.1 -1.0
4827816149.49 -9601880999.39 1.0
-4335777103.16 -11288982156.4 1.0
11150293227.7 1816587669.48 1.0
8151815745.84 1999801550.47 1.0
7942849814.56 2069093112.57 1.0
28302138425.4 -697035220.47 1.0
29716988307.2 -2538596355.89 -1.0
-8834393660.98 7322370851.51 -1.0
-15373968588.5 5642371207.46 1.0
-12747722737.2 3902133697.27 -1.0
23117555419.2 -352400775.869 1.0
21252282609.4 -612102511.272 1.0
24951543330.5 266441611.882 -1.0
-11279998727.3 -6666310197.82 1.0
-13475827546.7 -6538874948.65 -1.0
-13703679112.5 -6547844235.05 1.0
-6141408465.7 961500495.816 1.0
-14965920991.8 -4271958260.79 1.0
-21894757218.8 -3499170048.0 1.0
23457894305.4 -2105515906.2 1.0
24527843750.5 -1785216663.48 -1.0
22941889715.8 -1779864447.87 1.0
24306642467.1 -1487813503.95 1.0
24266447386.0 -1448442049.27 -1.0
23547874836.0 -1494533099.47 1.0
26617075224.2 1838425746.18 1.0
25161576345.9 714897591.877 1.0
21649553465.3 778106811.8 1.0
28626359981.4 -1309153536.4 1.0
28699607565.1 -1155988080.91 -1.0
25906341323.1 -1551673007.4 1.0
-14465310067.4 -2098389700.16 1.0
-23129025233.2 -3944057483.99 1.0
-22554982204.8 -3915738220.43 1.0
24214194607.9 1696036436.53 1.0
22827149127.6 1296170796.7 1.0
22563361702.5 -4602140610.71 1.0
11235848869.7 -7379002202.02 1.0
13093871107.4 -137683715.796 -1.0
26713890517.2 1052790801.68 1.0
23652094703.7 918689183.685 1.0
22754911409.8 1258479307.67 1.0
29037521025.0 -983577876.859 -1.0
23271635041.5 -1700237475.63 1.0
-7230697004.39 12417335337.0 1.0
-73852978431.4 -1333332057.7 1.0
-35337689291.9 6097665355.28 -1.0
-62746497547.1 -14861880440.8 1.0
-64831298117.4 -19788384909.1 -1.0
-49877754524.0 -17091082192.7 -1.0
29607799185.2 -286641034.217 -1.0
29769639744.7 93374979.8908 -1.0
31857125756.1 149196145.303 -1.0
-68546065510.8 -5186488083.04 1.0
-69235278739.5 -6002197536.87 -1.0
-49296176480.0 -5910216443.51 -1.0
26571355675.8 -544888603.947 -1.0
26029317694.1 -755934508.753 1.0
26955647370.5 -542200071.906 -1.0
8135009290.03 -2825345554.11 -1.0
-7377868196.15 -4265942794.09 1.0
2634444240.5 -3832371466.22 -1.0
18316413101.1 -728862938.167 -1.0
4339557217.64 12997017078.6 1.0
5421890645.83 14462326955.4 -1.0
-3509577606.42 12470677327.3 1.0
27049516189.1 1112228761.58 -1.0
26025164715.4 1083028894.17 -1.0
22034069120.2 536275060.689 1.0
24317766526.2 -2656493553.66 -1.0
24797341504.5 -2859372658.56 -1.0
22722493229.5 -3091774051.59 1.0
26800899725.4 -2679856709.14 1.0
28265988536.4 -2847825055.99 -1.0
25628148973.2 -3581714409.79 1.0
18541106590.0 -2562817428.61 1.0
7591579991.25 -5133637759.54 1.0
5357021743.4 -5992175905.4 1.0
-94212398908.1 -70763987347.3 -1.0
-133199041127.0 -105395606809.0 -1.0
-133798430065.0 -115436656445.0 -1.0
23953119728.0 -954196951.324 1.0
13914930159.8 2540863294.1 1.0
7996830092.33 2445710707.38 1.0
19724074114.9 5369176145.53 -1.0
25088177371.8 1752813510.03 -1.0
22606861061.0 1432659559.94 1.0
19785112760.8 5175709663.39 -1.0
13314838515.3 -1130521384.27 -1.0
16206457097.8 -617992308.291 -1.0
22623925874.7 660135689.642 -1.0
22305848923.7 229154920.543 1.0
19707151405.3 -651883507.107 1.0
23247016384.7 79845506.8023 -1.0
13618120913.7 325527192.202 1.0
10775517589.5 -6410906.69705 1.0
10477706109.9 -637413402.468 1.0
8737278065.84 -2678225785.1 -1.0
3858936512.72 -8681063276.1 1.0
17029719794.1 -8160907663.99 -1.0
-240177383097.0 20739881244.1 -1.0
-255246376519.0 17548148144.8 -1.0
-175016888883.0 39309792659.1 -1.0
25683541551.4 -2200841815.12 -1.0
25714464664.6 -1907176468.48 -1.0
26013837310.5 -1694857239.39 1.0
15476263642.6 2358920681.27 -1.0
14042880835.7 541603982.446 1.0
17494967461.9 808080896.778 -1.0
25482513802.1 -2037927136.06 1.0
24613285654.5 -2553772969.01 1.0
26799214429.2 -2424392311.43 -1.0
16096837416.3 -4670591327.61 1.0
20497659356.5 -3689018693.01 -1.0
28359055518.9 -2154303967.69 -1.0
25406007948.1 1571988642.07 1.0
25169104123.2 2011677846.79 -1.0
26471169219.3 541043516.482 -1.0
19656582346.8 6048468415.82 -1.0
15411532947.2 5836772500.61 1.0
15185191108.0 6184721226.29 1.0
22792046066.1 -84007803.946 -1.0
23344161122.1 -178049413.064 -1.0
22425543906.1 -494736089.297 1.0
-438090875026.0 79707815015.2 -1.0
-387455552734.0 90535182946.2 -1.0
-319537361742.0 100852625429.0 -1.0
28060610352.7 -211906203.487 -1.0
27449336366.9 -428835182.685 1.0
26457122705.5 -544458247.993 1.0
18340932854.4 6013541872.26 1.0
16657479661.5 4492898805.92 1.0
21947445953.5 4215762720.65 -1.0
28536041605.0 -100492482.462 -1.0
28007930313.3 -307214718.41 -1.0
28373452805.6 -240141203.188 -1.0
-9009514270.04 3303636064.07 1.0
-21443607097.2 26895057183.6 1.0
-1218949738.72 21282741758.5 -1.0
10761615507.3 -3988999766.01 -1.0
12175526302.2 -4003221221.69 -1.0
12648802263.5 -4507148614.69 1.0
18179872946.4 1684774185.98 1.0
15188786209.4 1433352558.03 1.0
16004036876.3 -3304371108.67 -1.0
13871512397.9 -4312633066.79 1.0
11797088336.8 -5460446721.1 1.0
