0.753542422733 -1.56673128228 1.0
1.12097159432 -0.20481129331 1.0
1.19271366299 0.256677669578 -1.0
0.902258671611 -0.359599641469 1.0
1.17246757071 -0.245840404281 -1.0
0.0476955925236 6.75378897284 -1.0
-0.142937377353 11.3632787712 1.0
-0.109177554194 11.0499232634 -1.0
-1.132218153 0.266777405623 1.0
-0.0177670418745 0.625833814599 1.0
0.122103240576 -0.30004596681 -1.0
1.22172477583 -0.486952718182 1.0
1.22338243473 -0.480527179787 1.0
1.23688958255 -0.567836378154 1.0
-0.249403147574 0.722280670429 -1.0
0.531087541231 0.641053668502 1.0
0.278174291472 0.710900910724 1.0
-1.08154529478 -0.17737001191 1.0
-0.185670381612 -0.0907666865516 1.0
-0.639069520882 -0.00430207721805 1.0
-8.76169064378 -0.504201335395 -1.0
-4.07408191283 0.422155316541 1.0
-2.22851209379 0.748832555305 1.0
0.352653071776 0.455973153037 1.0
0.451119043102 0.458064584358 1.0
0.522903158187 0.222941071792 -1.0
-0.710635351999 -0.177410453712 1.0
-0.562395530454 -0.169027958051 -1.0
-0.950656224821 -0.12873189178 -1.0
-0.852384255022 -0.5597606655 1.0
-1.08167620866 -0.528687775058 1.0
-0.185977595188 -0.472254648192 1.0
1.07314003723 -0.46425032469 -1.0
1.14251528398 -0.37178133357 1.0
0.970405038303 -0.36212825608 -1.0
1.19199440916 0.174525092137 -1.0
1.30951095334 0.302455935781 1.0
-2.60479778927 -0.657068927662 -1.0
-2.45066868346 -0.591308314875 1.0
-2.40330683061 -0.579437312025 -1.0
-1.38624039276 -0.53771447026 -1.0
-1.18515738687 -0.617823544995 -1.0
0.85551584798 -0.524900565737 -1.0
0.719898600738 -0.343531599811 1.0
0.820254906411 -0.445895569832 1.0
0.862949392917 -0.329074432203 1.0
-0.0893049396306 -0.99043570126 1.0
0.340805232882 -0.665938229185 1.0
-2.42078763071 -0.546969913966 1.0
-3.35413136091 -0.328240103789 1.0
-1.80666007066 -0.202720520796 1.0
-0.316347101782 -0.275258754284 1.0
-0.606385016253 -0.201243830805 1.0
-0.617684078572 -0.288563945898 -1.0
0.36896710312 -0.583140874077 1.0
0.25065262812 -0.562151696771 -1.0
0.349218939074 -0.567048605388 1.0
-1.92775369177 0.73380589935 1.0
-3.67694981122 1.30377868012 1.0
-3.21172833864 1.52679189099 1.0
0.521294883944 -0.68833020242 -1.0
1.15382623276 -0.544913117118 1.0
0.786883128923 -0.497973976537 -1.0
0.803822353444 1.93954400752 1.0
0.798063472446 1.20250300258 -1.0
0.685859678179 3.6256156255 1.0
1.309143361 -0.451905410385 -1.0
1.30126559024 -0.412347396755 1.0
1.41138832472 -0.38886304686 -1.0
0.32988413577 1.03807205266 -1.0
-0.212744029389 -0.437396217541 -1.0
-4.50372572874 -7.45826313182 -1.0
0.374218876497 0.273228488662 -1.0
0.525649165483 -0.176370477302 -1.0
-0.0790354189575 -1.7619283868 -1.0
0.857293312067 -0.0695628786172 1.0
0.815622688609 0.0218101739154 1.0
1.1450898474 0.0312706484875 -1.0
-0.0286136012912 -0.478358446527 1.0
-1.37060981034 -0.467481254087 1.0
-1.9518763551 -0.461603354507 -1.0
0.908178796454 -0.396542716323 -1.0
0.675955237074 -0.0935328484988 1.0
0.640119246393 -0.22948169322 -1.0
-1.13439919467 -0.468436702327 1.0
-0.906429758709 -0.456691438653 1.0
0.323930385288 -0.263826425186 1.0
0.641296387923 -0.558845603096 1.0
0.796588696133 -0.536027478377 1.0
1.24566148319 -0.606828415959 -1.0
1.25187318406 -0.559352558413 1.0
1.27871801819 -0.53207676511 1.0
-0.406555602626 -0.567608587155 1.0
-0.622448740369 -0.491282083143 1.0
-0.861502304131 -0.389694725769 1.0
1.65397710297 0.834201460464 1.0
1.69044182163 1.09435909789 1.0
1.69516200141 1.38286793571 1.0
0.971240879323 1.21182390879 1.0
0.917911682227 0.959385550859 -1.0
0.950384236353 0.943792839024 1.0
0.194370327354 -0.0895964437474 -1.0
0.251733679643 -0.018853422693 -1.0
-0.174549057998 -0.14053670665 -1.0
0.135319235954 -0.234566059265 1.0
0.433968344049 -0.240694869162 -1.0
0.409401676929 -0.346199533705 -1.0
0.834384285368 -0.361533790261 -1.0
0.738517019467 -0.253208893013 -1.0
-1.74978754068 -0.263236561085 1.0
-1.56209865746 -0.527695362394 1.0
0.231501364138 -0.618628677014 1.0
-0.797118989503 -0.0930669246922 1.0
-0.805542073047 -0.0782365554844 1.0
0.849489016378 -0.316210458939 1.0
-0.359127546825 0.264044429838 1.0
-0.501246535898 0.357434775331 -1.0
-1.3382242894 -0.281585075054 -1.0
-0.104687589322 0.356739032489 1.0
-0.382829179789 0.832991432889 1.0
-1.0161454263 0.796313376143 -1.0
0.835555276872 -0.527748456873 -1.0
0.955092299738 -0.481756715763 1.0
1.06158157889 -0.524558510636 1.0
0.134224685449 0.720056433054 1.0
-0.0499657967087 0.858721644032 1.0
0.436425399272 1.07706135575 1.0
0.411201870667 -0.564657104256 1.0
0.737780146268 -0.558787097025 -1.0
0.487429201535 -0.430221816185 1.0
0.168337741124 -0.379667778339 1.0
0.527576889689 -0.385120511417 -1.0
0.621790619078 -0.445464251647 -1.0
0.899000705777 -0.508514964622 -1.0
0.5884988229 -0.549939354445 -1.0
0.988830475084 -0.581500613569 1.0
0.940639336226 -0.368708488774 1.0
0.971774069174 -0.190585740121 1.0
0.836143526663 -0.133231294468 1.0
0.612490934449 0.865596542904 -1.0
0.667597281604 0.522847811591 -1.0
0.706999395974 0.430811483008 -1.0
0.697495158877 -0.599574840282 1.0
0.654639814468 -0.526265107279 1.0
0.766041975777 -0.512309740384 1.0
0.396309408349 -0.4989494574 -1.0
0.212886783075 -0.413090278849 -1.0
0.516079911314 -0.213703571079 1.0
1.61192237115 0.533392063127 -1.0
1.67759289367 0.564489218087 1.0
1.47631324642 0.63142569302 1.0
-2.50025689267 -0.249091082582 1.0
-3.42004468344 0.292023009318 1.0
-3.47865007251 0.0942382208305 1.0
-1.2310554848 -0.496671125805 1.0
-2.33064186575 -0.467068405117 -1.0
-1.50389399574 0.531541175345 -1.0
-0.93832309161 0.599553355095 1.0
0.913370445475 -0.528111231618 -1.0
0.181407247379 -0.631111581829 -1.0
0.783434273855 -0.617117075755 1.0
0.89448757811 -0.621039374483 1.0
1.14757439848 0.224818390694 1.0
0.385538116324 0.184574710371 -1.0
-0.233062578084 -3.07551158059 -1.0
0.521041073155 -0.475899173982 -1.0
0.480316846639 -0.433886167888 1.0
0.657875026861 -0.430795416526 -1.0
1.70211322749 -0.972944479928 1.0
1.72173155343 -0.887757140588 1.0
1.52131492988 -1.57290910276 1.0
0.743865611818 0.0145516329393 -1.0
0.786053456018 -0.129953882379 -1.0
0.655930130797 -0.183261994972 -1.0
0.727241781811 -0.500227023868 -1.0
1.10873953282 -0.487441238406 1.0
0.95015326562 -0.441788911496 1.0
-1.77058800514 -0.0155459564495 1.0
-1.91902983036 0.26950467359 1.0
-1.24104291015 0.250745806388 -1.0
-0.514172833408 0.196263538296 -1.0
-0.142076342608 0.26878944018 -1.0
0.0468657080523 0.0726041028866 -1.0
0.687401285188 -0.552399739589 -1.0
0.67149794307 -0.503722936808 1.0
0.939637721918 -0.494728064005 1.0
0.979566998905 -0.497223102999 -1.0
0.705480300166 -0.435575812855 -1.0
0.744448883705 -0.70346353489 -1.0
0.712801599249 -0.66670369938 1.0
1.05319855545 -0.503235144319 -1.0
1.31294550515 -0.654682658024 -1.0
0.57582885404 -0.464331726113 -1.0
0.714082308559 -0.444851948898 1.0
0.651801958654 -0.404999853315 1.0
-0.0894153313297 -0.393866274533 1.0
0.404570308027 -0.390215602938 1.0
0.989919836531 0.532636569088 -1.0
0.944061774747 0.711246008971 1.0
1.14676919878 0.790552689818 1.0
1.28286693678 -0.552831755254 -1.0
1.30500178433 -0.502264553817 -1.0
1.23717083787 -0.479039959135 1.0
1.18971655312 -0.70446165077 -1.0
1.17197506183 -0.327279231895 -1.0
1.04612912707 -0.106657802929 1.0
-1.66962789047 2.72475036025 -1.0
-2.1248526629 2.93986816746 1.0
-1.85140080803 3.00846613284 -1.0
0.447903274642 -0.00453894079832 1.0
0.213435279992 -0.115855536113 -1.0
-1.11077250983 -0.529418091442 1.0
-1.07778645494 -0.479832585198 1.0
-1.6768428898 -0.460320459766 1.0
0.924606221428 -0.249141306772 -1.0
1.12010628081 -0.163654464023 1.0
1.23772247991 -0.26557507587 -1.0
-2.02285264283 -0.25282901392 1.0
-0.94232635231 -0.109555566458 -1.0
-1.42277407022 0.0294288679889 1.0
0.71859597716 -0.481107222543 -1.0
0.753890172738 -0.523134003212 -1.0
0.810928631385 -0.491785486298 1.0
0.458303069158 1.54088028228 1.0
0.694880503337 1.84007742059 1.0
0.823749863707 1.6620162567 1.0
-0.0193288449731 8.33710494079 -1.0
0.236566927173 8.20224496931 -1.0
0.26493375657 7.23049853688 -1.0
1.02573404741 -0.529704396691 1.0
0.645641015666 -0.455414962236 -1.0
-0.652815274224 -0.440198866229 -1.0
0.932901621809 0.0994498767028 -1.0
1.04176597133 0.170096910943 1.0
1.26118416556 0.143983760169 -1.0
1.31827872493 0.439309974582 1.0
1.3678826633 -0.0670350608772 1.0
1.31196642631 0.141851212008 1.0
0.223659291826 0.576283650603 1.0
0.0285470042725 0.4661694138 1.0
0.325536687751 0.222000780194 -1.0
-0.231904974654 0.459053477186 -1.0
-0.370767079661 0.359483053523 -1.0
1.02046090618 -0.276596041917 1.0
0.777920506387 -0.210673562848 1.0
0.762663834209 -0.184080567807 1.0
0.562704715691 -0.374178444977 -1.0
0.923034431423 -0.379301509924 1.0
0.496752580338 -0.344662098011 1.0
-0.179984994628 0.442724616858 1.0
0.0717155351793 0.498637798474 1.0
0.632979355596 0.453282700277 1.0
0.408029216129 2.35680863339 1.0
0.448473951221 2.68291760377 1.0
0.537154408449 2.85958214487 1.0
-0.37333267056 -0.483407005795 1.0
0.548111179142 0.39311132 -1.0
0.445097114255 -0.295095707506 1.0
0.592873881709 -0.237781907298 1.0
0.656464290591 -0.202357817766 1.0
0.322109678671 -0.467445430001 1.0
0.550942658648 -0.452784939954 1.0
0.032581051573 -0.413747826637 1.0
0.780222445101 -0.57160118513 1.0
0.984144375325 -0.489655004108 -1.0
0.768447335343 -0.654532056397 -1.0
-0.0373380546628 -0.215660658546 1.0
0.60085118429 -0.369338564864 -1.0
0.309120716643 -0.329770401168 -1.0
0.81079657954 -0.605145567504 -1.0
0.711970597499 -0.547661997877 1.0
0.67751730556 -0.499521952741 1.0
1.53073488652 -0.463736939189 -1.0
0.6926591605 -0.491852336381 -1.0
1.11551188375 -0.292482310452 1.0
0.624590919627 1.47287342232 -1.0
0.769206850606 1.50905960712 1.0
1.13574238324 1.4222438578 -1.0
0.363380967988 -0.413701596034 -1.0
-0.00601495666566 -0.334462064814 1.0
-0.120584372235 -0.418656979697 -1.0
0.606456233348 0.030856187897 -1.0
0.585093605268 0.427547523147 -1.0
-1.08796660888 -3.60419443969 -1.0
0.643721152861 -0.562466471191 1.0
0.505553393831 -0.164428478476 1.0
0.332176927546 -0.376100290293 1.0
-0.346155468705 0.371665413684 -1.0
0.0170308450434 0.247434598569 -1.0
-2.16208027696 -0.228693559958 1.0
0.62041268757 -0.176464535572 1.0
0.852736870663 -0.136857681401 -1.0
1.0404908984 -0.125526938359 1.0
0.994323415141 -0.0091740633814 -1.0
0.826232281771 0.0542170335052 1.0
0.997664085642 0.0700335230206 -1.0
0.707878609116 -0.63605937798 -1.0
1.00916487811 -0.604898274839 1.0
0.773450492649 -0.522529640193 1.0
1.1706032828 -0.103214499314 -1.0
1.18355026879 0.0938964503998 1.0
1.30521020914 -0.00250576863513 -1.0
-0.279555778202 -0.24246826586 -1.0
-0.403749227784 -0.208807070072 -1.0
0.011800300266 -0.170906812472 1.0
0.243548264562 -0.248608798486 -1.0
0.625284044564 -0.384668561814 -1.0
0.795936099641 -0.356295804418 -1.0
0.397039255075 0.248043701453 1.0
0.532725948733 0.128653621864 -1.0
0.511280750527 0.00500796816626 -1.0
0.359870639471 0.3812148186 1.0
0.0766544306037 0.600929194579 -1.0
-0.179240646356 -0.875900732176 -1.0
0.0148256700088 -0.585289394278 -1.0
-0.832831612321 -0.973954326862 1.0
-0.36616823229 -0.398479128772 1.0
-0.943074115195 -0.545937598839 1.0
-0.81504204982 -0.527107260047 -1.0
-1.25197269867 -0.469855824024 -1.0
1.18462849541 -0.231378498135 -1.0
0.938971618479 -0.170045611218 1.0
0.91557770828 -0.162862917511 -1.0
0.21363877452 0.201198211351 1.0
0.515193884882 0.150231149677 -1.0
0.621615005885 0.0548357739969 -1.0
1.01263895754 -0.090992426101 -1.0
0.799280039764 0.0128433914947 1.0
0.696769212869 -0.344889924098 -1.0
-3.26698900733 -0.652041162285 -1.0
-3.84169756524 -0.562589868822 1.0
-2.62272369388 -0.524102396742 1.0
0.402204677254 0.992427572605 -1.0
-1.1813350423 -0.521729156166 -1.0
-0.670310177485 -0.520495574806 -1.0
-0.659769150818 -0.51901477544 1.0
1.20921036023 -0.536162944612 -1.0
1.17173252663 -0.466055486666 1.0
1.45262933483 -0.171565997263 1.0
-5.53691224648 1.47108911752 -1.0
-5.21846736091 0.520491287905 -1.0
0.566360681019 1.09174097639 -1.0
-2.86046983089 -0.610337963269 -1.0
-1.55387008421 -0.586571163135 -1.0
-1.7446912879 -0.613363996102 -1.0
-11.8385816851 1.09003501443 1.0
-9.15945364077 2.60739878798 1.0
-11.2997429272 4.03536501961 1.0
0.265285807331 -0.558687850311 1.0
0.231974989359 -0.606273472821 -1.0
0.26120066725 -0.549675988279 1.0
0.0232626078316 0.45151152615 -1.0
0.619580759567 0.00997728472184 -1.0
-0.125233700415 -1.67595440233 -1.0
-0.272759839779 1.05913512488 1.0
-0.0569497850828 0.869384829997 1.0
0.0594844111652 0.52179146388 -1.0
1.37514450025 -0.108991568041 -1.0
1.35800080923 -0.134884550097 -1.0
0.151592927529 -0.622027242846 -1.0
0.0665358061222 -0.553138689045 1.0
0.0713211573153 -0.5468649397 -1.0
0.27805506805 -0.416603966667 1.0
0.107194462492 -0.370802032246 1.0
0.201327295918 -0.431689774195 -1.0
0.511985743767 -0.527058402396 1.0
0.733769483546 -0.490585404866 1.0
0.680153580327 -0.466509304144 1.0
-1.15695480143 -0.517607459424 -1.0
-1.13195395727 -0.474471606964 1.0
-0.968587312772 -0.427923720272 1.0
-2.71856255024 -0.698990816497 1.0
-2.23943906979 -0.690726607519 -1.0
-0.220385358787 -0.697379197287 -1.0
0.332350374783 -0.235576312201 1.0
0.327228618274 -0.3662362257 -1.0
0.326753971208 -0.408782718545 -1.0
0.254198344065 -0.463694562178 1.0
0.173974425638 -0.485847738626 -1.0
0.297478292138 -0.596069449718 -1.0
0.420032854563 -0.573000046767 -1.0
0.38062799763 -0.564919515613 -1.0
0.063473697042 -0.442307630411 -1.0
-0.588360548259 -0.383201676082 1.0
-1.2213981666 -0.373263620498 -1.0
-1.74985228009 -0.260536132054 1.0
0.450540335455 -0.801333501457 -1.0
0.814847323052 -0.686176290217 1.0
-4.13213635525 -0.65961881882 -1.0
0.407048837934 0.459574128944 1.0
0.64112775801 0.549827990289 1.0
0.791418813519 0.584045866906 1.0
0.661228609254 0.2873482782 1.0
-1.90093253774 1.06330397838 1.0
-1.30447211814 1.45650593981 1.0
1.13522339482 -0.249217499344 -1.0
1.12450295967 -0.245399033427 -1.0
1.1844705177 -0.246492656437 1.0
-3.48451535597 0.280079243728 1.0
-2.82903344847 0.372132341983 1.0
-1.16925627577 0.175094803646 -1.0
0.55794014623 1.76245957181 1.0
0.607297733272 1.40107284962 -1.0
0.981899404913 1.52682747575 -1.0
0.692936902872 -0.281007218317 -1.0
0.734346946494 -0.230107170845 1.0
0.85487229754 -0.273238648713 -1.0
-0.0103037200757 -0.637373654641 1.0
0.39223863808 -0.613841621792 1.0
0.688733452714 -0.5548698172 1.0
0.380971697103 -0.366276546168 -1.0
0.343008887093 -0.338548628356 -1.0
0.247972460572 -0.438552624108 -1.0
-1.12941008168 -0.501712144596 -1.0
-0.675142445002 -0.579968845233 1.0
-0.664481907899 -0.554472944475 -1.0
0.376110775365 -0.519014477505 1.0
0.666064415934 -0.0604692109978 1.0
0.845853896284 -0.487953623471 1.0
-0.23367067686 0.104173365763 -1.0
-0.022286135215 0.122597040381 -1.0
0.561947587225 0.0460676362976 -1.0
-0.797899868963 0.362137943373 1.0
-0.585631463354 0.380237805332 -1.0
-1.94969944582 0.128363536299 -1.0
0.0459854872455 -0.559970360449 1.0
-0.677026342891 -0.544985722599 -1.0
-0.908647937416 -0.50774139757 1.0
0.185392776129 -0.590361228895 1.0
0.641734790336 -0.537636826568 1.0
0.481212666085 -0.952691429231 1.0
0.234386512422 -0.796137842361 1.0
0.218639726081 -0.797232737533 -1.0
0.865736682613 1.47908480097 1.0
0.805525625 1.61026896931 1.0
0.8262664131 1.85664212318 1.0
0.512026568248 1.19659129658 1.0
0.485239072072 0.661170364132 -1.0
-0.421507170104 -0.910225225915 -1.0
0.175802092791 -0.409408847623 1.0
0.118495504589 -0.40189659506 -1.0
0.384331285575 -0.495623540442 -1.0
0.149818250148 -1.2816133368 -1.0
-0.610514122663 -0.69364505271 1.0
0.55232671077 -0.743297080732 1.0
0.363578204723 0.850854962857 1.0
0.3493442762 0.969834904248 -1.0
0.749499986636 0.939328241942 1.0
-1.18492674682 -0.299662948263 1.0
-0.881777793207 -0.321983996149 -1.0
-2.56968168514 -0.43608724701 -1.0
0.776579196786 0.585490667769 1.0
0.710158217836 0.703330845928 1.0
0.45044104572 -0.700761386246 1.0
0.277518995078 -0.694110143228 1.0
0.0380074776212 -0.681207833268 -1.0
-0.259791178603 -0.519770148383 1.0
0.0859331251753 -0.494382009623 1.0
0.497402776209 -0.65274368251 1.0
0.222892858947 -0.447324704803 -1.0
0.613087648268 -0.493043793494 1.0
0.417249007204 -0.301003740905 1.0
0.599645458149 -0.258760017955 1.0
0.728808514133 -0.2194034277 1.0
0.225375036755 -0.0507185417747 -1.0
0.618591931332 0.0768895959154 1.0
1.35011658648 -0.0736585247253 -1.0
0.366977766003 3.07212985924 -1.0
0.488123679963 2.00702280661 -1.0
0.479091149238 1.86535856689 -1.0
0.5200978405 -0.634133753428 -1.0
0.935213745345 -0.589876128042 1.0
0.954707338332 -0.723643005062 -1.0
-0.855224655069 -0.494948530979 -1.0
-1.1736649288 -0.454927415398 1.0
0.156069707965 -0.431651338308 1.0
-3.44471952692 -0.527600724176 1.0
-1.02240098904 -0.460586357724 1.0
-0.837862354403 2.73333876372 -1.0
-0.222979186912 3.23376247673 1.0
-0.972780538559 3.30105756955 -1.0
-0.348522499253 -0.422740526615 -1.0
-0.315849887497 -0.379284450535 1.0
0.193696778222 -0.384156045682 1.0
0.298197850824 -0.057715032203 -1.0
0.422166648553 -0.235734520002 1.0
0.428495722975 -0.341995154278 -1.0
0.840913939891 -0.577645046948 1.0
0.759998908066 -0.558368375857 1.0
0.795227973124 -0.562983197871 1.0
0.803306045519 -0.735379436563 -1.0
0.66092024026 -0.666350144824 1.0
0.775625228568 -0.78305795001 -1.0
-3.59790664218 0.220480014465 -1.0
-1.97742087559 0.0500973911223 1.0
-2.94361962252 0.303678978798 1.0
0.148256649363 0.0709547997004 1.0
-0.438509340222 0.155226191023 1.0
-1.07636497795 -0.0741424347905 -1.0
0.385041236941 -0.340983170904 1.0
0.332068949748 -0.330910629374 -1.0
0.408818401119 -0.402193206061 -1.0
0.90554429728 -0.494497983517 -1.0
0.721655741259 -0.462848197848 -1.0
0.15807909532 -0.467415633469 -1.0
-0.41740401868 -0.346114490504 1.0
0.137008508207 -0.397171157714 -1.0
0.227212964346 -0.412571961474 -1.0
-0.986446885652 -0.370415663384 -1.0
-0.16888582831 -0.548857494627 -1.0
0.0373868106408 -0.492354772431 1.0
-0.259702876028 -0.397439681168 -1.0
-0.0133631938151 -0.346885904931 1.0
0.223207284528 -0.396320465054 -1.0
1.11347617908 -0.292612918659 -1.0
1.24031689778 -0.337077034975 1.0
-3.4442200749 -0.513803892287 1.0
-3.52804715359 -0.481568191529 -1.0
-2.2177022213 -0.642254615722 -1.0
0.870532184855 0.091343577529 -1.0
1.05888904214 -0.0344763883386 1.0
1.30544427145 -0.275207829043 1.0
1.0794648615 0.82509148477 -1.0
-0.536113519896 -0.453093782632 -1.0
-0.331453586153 -0.371435893506 1.0
0.276094524765 -0.385733545924 -1.0
0.455320160951 2.02176214013 -1.0
0.573316263338 1.96928586986 -1.0
0.341786317457 1.87530618469 1.0
-4.06993879219 -0.639638915546 1.0
-3.90946364759 -0.562662326498 -1.0
-4.13552748505 -0.567039962722 -1.0
1.48220134658 -0.315257673992 1.0
1.39293395602 -0.213301438869 1.0
1.42765308037 -0.134489359275 1.0
0.735582142471 -0.196007705313 1.0
0.623101572664 -0.196773336102 -1.0
0.559236544456 -0.228148571054 -1.0
0.419203427862 -0.50841738971 1.0
0.956783289554 -0.419630877219 -1.0
1.08059338446 -0.502384810822 -1.0
0.68889715725 -0.564987561162 1.0
0.342253786242 -0.45293379958 1.0
0.2447266917 -0.114218570574 1.0
0.572133166473 -0.620128811098 -1.0
0.606839915573 -0.644733101482 1.0
0.253567182486 -0.594846590319 -1.0
-0.15529594566 -0.377466502179 -1.0
0.0592352751955 0.0042853340964 1.0
-0.349449458427 -0.0443402928331 1.0
0.356645516452 -0.676871771003 -1.0
-0.281069119017 -0.832590842495 1.0
-5.27641596728 -0.832129832506 -1.0
-7.82235663913 -0.826279866105 -1.0
0.318011333907 0.52244456862 -1.0
0.621730592378 0.621010708817 1.0
0.351280194218 0.698402769087 1.0
0.786514213944 0.463759666823 1.0
0.856441061918 0.649457701929 1.0
1.05383303795 0.554387850908 1.0
1.20540437327 -0.508413245105 -1.0
1.06072958654 -0.480601467175 1.0
1.31271188055 -0.49285103327 -1.0
1.13737091894 0.509781153443 1.0
1.19165406972 0.639065984837 1.0
1.26604669883 0.616794012544 1.0
-0.816371168454 -0.461041385383 1.0
-1.21862866157 -0.32970757571 1.0
-0.551777536807 -0.307579433987 1.0
0.442015286445 -0.297894934657 -1.0
0.505257466493 -0.330107331178 -1.0
0.486963340885 -0.343949652375 -1.0
1.1199004806 -0.285261568827 1.0
1.19046817506 -0.127935827507 1.0
1.25856575846 -0.0964078030605 1.0
0.784397814868 -0.72447643154 1.0
1.01425421987 -0.436289322779 1.0
0.558140671901 0.257238119021 1.0
-0.493136725683 0.52334538631 1.0
0.019323146216 0.382455845657 -1.0
-0.079832636708 0.350094993821 1.0
0.810457041816 -0.165933645457 1.0
0.805940437015 -0.0829778913608 1.0
0.690558532549 -0.242696157517 -1.0
-0.577222854784 0.423283832086 1.0
-0.514109704115 0.412682853121 -1.0
-0.491153761061 0.52257627528 1.0
1.175511389 -0.605400264624 -1.0
1.37945428521 -0.522796086998 1.0
1.49523795075 -0.607926832498 -1.0
-0.109255845376 -0.644147117458 1.0
0.293962577873 -0.549993789307 -1.0
0.53988521403 -0.717688393239 1.0
-1.4383921722 -0.418539212296 -1.0
-1.06647149514 -0.505257106215 -1.0
-0.0331612743467 -0.532471770715 -1.0
-0.0692292923172 1.07984157949 -1.0
0.0288068294905 0.875422446294 -1.0
-1.95231753233 0.882853915574 1.0
-5.0495130468 -0.632280146125 1.0
-4.32770522239 -0.658599883721 -1.0
-6.17507919698 -0.63965882516 1.0
1.08911935423 0.207195506572 1.0
1.0194415679 0.270233696911 1.0
1.04123799363 0.32983156331 -1.0
-1.33757906549 -0.595117779585 1.0
-0.822095822831 -0.637419320361 1.0
-1.29261552473 -0.627138441855 1.0
0.997284268649 0.435499122881 1.0
1.09396909531 0.277696306298 -1.0
0.947737625925 0.481540540619 1.0
0.0609286431076 -0.253217329972 1.0
0.737948260707 -0.127395334645 -1.0
1.0819583419 0.0246534307871 1.0
0.617435072225 -0.484018156207 -1.0
-0.0750488030769 -0.434650379255 1.0
-0.262127137453 -0.601972320289 -1.0
0.855471872363 -0.501612561246 -1.0
0.87826399033 -0.484298758571 -1.0
1.03381978929 -0.47760004506 1.0
-1.11961684802 -0.562506236806 -1.0
-0.300264083514 -0.45271104156 -1.0
-0.639447841763 -0.365704815219 1.0
0.18042235204 1.19808197338 1.0
-0.164883620729 1.21232193972 1.0
0.353161553938 0.957730673593 -1.0
0.822637028077 -0.281699118175 -1.0
0.866980495931 -0.0496704505997 1.0
0.89355378221 0.129667550187 1.0
-0.426668731457 0.494453780445 -1.0
0.0652469068917 0.320991116896 -1.0
-0.0954702995783 0.120108996032 -1.0
-2.04012508516 0.0790029290278 -1.0
-1.15236225478 -0.0877520273357 -1.0
0.081404839702 -0.21133007961 -1.0
0.85742677962 0.209273158807 1.0
0.955113987099 0.295859031468 -1.0
0.786571501577 0.350659453125 1.0
-0.305424540356 1.96486183401 -1.0
-0.0587168903228 2.3970836578 1.0
0.109280673526 1.79622968666 -1.0
1.10500866759 0.284217598691 -1.0
0.793146162095 0.466394374457 -1.0
-0.100029356086 -0.554189191528 -1.0
-1.67465511474 5.70839051846 1.0
-1.49689356729 6.83566433817 1.0
-1.40790721669 7.38699932847 1.0
0.353419617652 -0.181590988152 -1.0
0.731685667928 -0.0922958916463 1.0
0.584434702277 -0.0378022268174 1.0
-0.0791437361263 -0.0956952939075 1.0
-0.271418408125 0.101505649452 1.0
-0.268589275537 -0.10647405498 -1.0
0.646892127722 -0.14806720226 -1.0
0.734910941674 -0.196708230804 -1.0
-0.0654081946864 -2.19795021749 -1.0
0.683750623407 -0.444894988727 1.0
0.482605097729 -0.202871907132 1.0
0.500611721451 -0.0886967857303 -1.0
-0.153821110848 -1.15921038948 -1.0
1.18763262661 0.474889848758 -1.0
1.05911696168 0.687278602395 1.0
1.10360960106 0.821142992934 -1.0
-0.100949329534 -0.844999795368 -1.0
-0.492573566534 -0.253662342803 -1.0
-1.42376672344 -0.29012297377 -1.0
0.40749332205 -0.653079967351 1.0
0.358578038279 -0.539026070815 -1.0
0.220553803748 -0.198120103999 1.0
1.11232105709 -0.709144280235 -1.0
0.930398431494 -0.369543357802 -1.0
-2.06236318715 -4.46924244183 1.0
0.325127312257 -0.494427060457 1.0
0.583997957998 -0.572383435168 -1.0
0.634107884996 -0.619088567705 1.0
-0.399678794641 0.449038326742 -1.0
-0.163489898938 0.406939252588 -1.0
-0.535658703424 -0.249851299292 -1.0
0.348060792048 0.152017178388 1.0
0.0913440310725 0.255258503935 1.0
0.607168243153 0.109087235657 -1.0
-0.522613555246 -0.382736938665 -1.0
-0.759361454497 -0.416337328385 -1.0
-0.860531035685 -0.504251814282 -1.0
-0.933253046883 -0.232453367095 -1.0
-0.719444091288 -0.213874141091 -1.0
-1.80328224386 -0.312639153394 -1.0
-3.3799345369 -0.523644356727 -1.0
-4.56010080645 -0.500859055516 1.0
-5.00709465768 -0.435775981079 1.0
0.583573648511 -0.560168935242 1.0
0.785562979836 -0.576400152992 1.0
0.738548704082 -0.560694743884 1.0
-0.654758028825 -0.201647537305 -1.0
-0.170149049453 -0.328738011598 -1.0
1.01659097329 -0.518443679533 1.0
1.40872529712 -0.602115137294 -1.0
1.34307437991 -0.707216665571 -1.0
0.924003696539 -0.265457729711 1.0
0.957360015259 -0.258796516801 -1.0
1.03922226224 -0.277637730959 -1.0
1.18201912379 -0.28343266936 1.0
1.22810003342 -0.141910216883 1.0
1.32063950498 0.0155751283566 1.0
0.2530903549 1.93152205824 -1.0
0.037611068965 1.3717431464 -1.0
-0.294644798888 -0.408084474502 -1.0
0.411333814389 -0.692064400963 1.0
0.412701344548 -0.680374296343 -1.0
0.442356966742 -0.635406889622 1.0
0.476606242965 -0.698946642672 1.0
1.24184676577 -1.06101954015 -1.0
1.08350661885 -0.881475320578 -1.0
0.21282676119 -0.0143142918517 -1.0
0.166888847259 0.0550864129123 1.0
0.168019679648 -0.00502117018906 -1.0
1.04855289525 0.0631407652688 -1.0
0.721663658184 0.241403739245 1.0
0.936276254639 0.257406542848 1.0
-4.09100669656 1.98293798341 1.0
-2.08158276899 2.51981422234 -1.0
-0.640762956093 2.82280619851 1.0
-0.997264081993 -0.608081466285 -1.0
-0.490325059968 -0.58318617376 1.0
-0.681335705236 -0.567932922509 -1.0
0.686803869346 -0.144932477693 -1.0
0.654546634046 -0.0463405786306 1.0
0.843077209694 -0.0437755437244 -1.0
0.519059665529 1.21231649952 -1.0
0.606252474339 1.21524641451 1.0
0.526394021716 0.986941101973 1.0
-1.00062055786 3.06346474185 -1.0
-1.18170421967 2.82213913574 -1.0
0.0819738818819 2.39531492814 1.0
0.430581614934 -0.066120205064 1.0
0.137615246277 0.0232710997349 -1.0
-0.311798205964 -0.11426161814 -1.0
0.243879513107 -0.622255121218 -1.0
0.221508293174 -0.606390247328 -1.0
1.05571582011 0.645861782754 -1.0
1.03996932503 0.296945831882 -1.0
1.02100480001 0.375489886543 1.0
0.10671049858 -0.321612247037 1.0
0.328323655651 -0.493179246808 -1.0
0.345624243327 -0.646416213341 -1.0
1.22153056265 -0.491909352585 -1.0
1.24957355317 -0.459720021573 1.0
1.26808417583 -0.445625094684 -1.0
0.443575058515 0.752138891321 1.0
0.802237886598 0.33808237794 1.0
0.537454250461 -0.111944440782 -1.0
0.609888661727 -0.251256513795 -1.0
0.810987882923 -0.102498036204 1.0
0.971126275966 -0.342858923011 -1.0
0.47761362388 0.973728604274 1.0
0.511418302745 0.996045010682 -1.0
0.429280565925 1.04590205802 1.0
0.0537759690521 -0.340434626382 -1.0
0.25940190273 -0.533808845142 -1.0
0.328552899167 -0.395918272739 -1.0
-0.511548799839 -0.445421160376 -1.0
-0.54719215415 -0.462120939852 -1.0
-0.0843644970915 -0.507748552734 -1.0
0.734291695955 0.108788330714 -1.0
0.704055316989 0.064803191691 -1.0
0.454204717197 -0.112591318328 -1.0
-2.43789964736 2.02856741821 -1.0
-2.41040105947 2.16026335837 -1.0
-2.19948880827 1.26691881293 -1.0
-2.59338522626 -0.476175852876 -1.0
1.07842385397 -0.401759216284 1.0
0.997107430969 -0.406549769528 1.0
1.29934436332 -0.35742234649 -1.0
1.71380595518 -0.223437982196 1.0
1.71348236531 -0.094825484184 1.0
1.73088997803 -0.0700772949137 1.0
-4.91524461755 -0.389985864276 1.0
-1.71557726596 -0.184896029679 1.0
-2.12571442354 0.17021455626 1.0
-0.50957337047 -0.595354958425 1.0
-0.446817184814 -0.558975755018 1.0
-0.112210081478 -0.554081925158 -1.0
0.323865937179 -0.614253597427 -1.0
0.344946791247 -0.575561160259 1.0
0.30446449002 -0.544705589012 1.0
-0.557875242291 -0.0821658043675 -1.0
-1.29192798427 -0.0400751804727 -1.0
-0.669716606729 -0.150031664082 -1.0
-0.52672114449 -0.272238206789 1.0
-0.510206749242 -0.2690848449 -1.0
-1.16887542895 -0.302823509981 -1.0
-0.386447444471 -0.391674362177 -1.0
-0.706547846222 -0.305908000411 1.0
-0.557622638932 -0.246448700893 1.0
0.828730665494 -0.474133161507 1.0
0.960779015334 -0.424024853157 1.0
0.901034435607 -0.370002376524 1.0
1.31891748671 -0.547647957655 1.0
0.835160254528 -0.496286156422 -1.0
-0.0111904094346 -1.42654708666 -1.0
0.967675565248 -0.316225622119 -1.0
1.04361625695 -0.298143296165 1.0
1.12406930178 -0.273740934055 1.0
0.861283255233 0.64530783564 1.0
0.52117066816 -0.177840969397 -1.0
0.766697202325 0.479203185145 1.0
0.915351877 -0.445228335298 -1.0
0.987405894145 -0.384970747771 1.0
1.10068649475 -0.368440665805 1.0
1.20657320935 -0.27615820844 -1.0
1.08536424547 -0.304100607589 -1.0
1.27506811028 -0.474374384787 -1.0
0.667287787317 -0.648906455109 1.0
0.479108329097 -0.639758212537 1.0
0.795877391988 -0.666854994262 1.0
0.796544136476 -0.122061500801 -1.0
1.1171318797 0.0195750313449 1.0
0.854330525632 0.11944481636 1.0
-1.0447155133 -0.446779773513 1.0
-1.17053522998 -0.375997213944 1.0
-0.14988507961 -0.369721140801 -1.0
0.585158309225 -0.359573323346 -1.0
0.353855141419 -0.467390886349 1.0
-0.614106866322 -0.294380978144 1.0
-5.82487498803 -0.6532790693 1.0
-0.323749811436 -0.664285253849 -1.0
-0.227586489673 -0.706784183203 -1.0
0.916102446041 0.434412322838 -1.0
1.20127273785 0.585969363603 1.0
1.09779031689 0.583222358329 -1.0
0.361788737111 -0.388782868936 1.0
0.888285396625 -0.565848074289 1.0
0.487382107117 -0.502993022025 1.0
0.719957269457 -0.433063342318 1.0
0.628866045077 -0.36073976666 1.0
0.69565912311 -0.460803339302 -1.0
0.367846855619 -0.565939566597 -1.0
0.506944345281 -0.515873266926 1.0
0.438050957246 -0.520956180664 -1.0
0.905524957845 0.0401544021668 -1.0
1.00807905964 0.150504123822 1.0
1.21238563459 0.137122545139 -1.0
-0.224160874025 -0.212868430152 1.0
-0.54281293993 -0.218239307087 1.0
-0.495031254119 -0.313390473665 -1.0
0.849960708464 -0.322472334976 -1.0
-4.12115516727 -0.680522439006 1.0
-3.06441324496 -0.553814319713 1.0
-2.53748512928 -0.465822083559 1.0
0.694830423414 -0.607153483811 -1.0
1.51700137652 -0.564009461556 -1.0
-1.32939710542 -0.0954598928097 1.0
-0.103173623786 -0.0798761457832 1.0
-0.426106254099 -0.00463004609303 -1.0
0.583238267346 -0.431466739441 -1.0
0.515064315639 -0.276713280101 -1.0
0.610884345625 -0.311117965841 -1.0
0.454327583514 -0.228661006578 -1.0
0.616639883332 -0.197366293843 -1.0
0.773227834214 -0.203344226936 1.0
0.890343316125 2.60205871985 -1.0
0.744424922438 2.26535512782 -1.0
0.820945959137 1.63799258868 1.0
1.13521598198 -0.517669102897 1.0
1.170210774 -0.471888162876 1.0
0.817336280776 -0.441466879227 1.0
-0.357593065851 -0.617749058807 -1.0
0.129042771126 -0.610018132613 -1.0
-0.0832385349166 -0.819386920877 -1.0
-2.0343072935 -4.09590195454 -1.0
-1.09958828702 -0.679918057089 1.0
-0.857784636876 -0.545923473653 1.0
0.372316404821 -0.113589415233 1.0
-0.380722843272 -0.00346899156891 1.0
-0.291928479023 0.102259251798 1.0
-0.252650333863 -0.661754334795 1.0
0.292988598047 -0.828670427961 -1.0
0.958430599686 0.582945580018 -1.0
1.2870437173 0.576764245285 1.0
0.993320568436 0.140431605146 -1.0
-1.93159765021 -0.484820106624 1.0
-1.30715327534 -0.465971510422 1.0
-2.03493584784 -0.496781227332 -1.0
0.652819851594 -0.00528215891217 1.0
0.45251634364 0.0619607098141 -1.0
0.499021655728 0.0774913178635 1.0
-1.37646064159 0.212948477701 1.0
0.718325699723 0.24857146077 1.0
0.615915097839 0.426895611311 1.0
-1.16751445072 -0.72210578407 1.0
-0.383249677272 -0.692036562962 -1.0
-1.23957282996 -0.583010488794 1.0
0.47127428885 -0.511258401171 1.0
0.661369127869 -0.490394468274 -1.0
0.5863746363 -0.459922196162 1.0
0.711648158302 -0.328866245542 1.0
0.795192490703 -0.159624013774 1.0
0.666308359334 0.193085883931 1.0
-0.616716371803 -0.709116195727 1.0
-0.749048350638 -0.675464009068 -1.0
-1.06400915346 -0.629127038451 1.0
-1.13515610194 0.0829542479956 1.0
-1.02759851756 0.16425602789 1.0
-1.03377253686 0.143620947383 1.0
0.443751387384 -0.402343870526 1.0
0.704956391021 -0.376972358949 1.0
1.24479932194 -0.558009583724 1.0
1.35563362635 -0.383828539044 1.0
1.39996002378 0.696333185525 -1.0
0.478767240972 -0.331289546202 1.0
0.469814073198 -0.250712797736 1.0
0.258673187129 -0.153732528796 1.0
-1.13695026421 -0.589650703492 -1.0
-1.06452359447 -0.429483711875 1.0
0.676984784598 0.797405812004 1.0
0.434988253264 1.3658772193 1.0
0.349680701587 0.865341383279 -1.0
-0.265282002055 0.805091516974 1.0
0.378916366328 0.664362234841 -1.0
0.448568014667 0.559725137989 -1.0
-1.34912971289 -0.639172224879 -1.0
-0.912940659511 -0.61940079157 -1.0
-0.0372098926702 -0.644948183251 -1.0
0.65127950857 1.33031840577 1.0
0.506769887264 1.33093646719 -1.0
0.787346282514 1.08558014576 -1.0
-0.482402229949 -0.51209578071 -1.0
-0.173385425554 -0.50024881177 1.0
0.205387232832 -0.487815278308 -1.0
-0.363509741354 -0.257767820674 -1.0
-0.0926656466899 0.00597763186212 1.0
0.40996279078 -0.151220123954 -1.0
0.639232259424 -0.329460465272 -1.0
0.599641661341 0.594345492075 1.0
0.515159230664 0.713016558236 -1.0
0.164879619091 0.859042375219 1.0
-0.959651350162 -0.509150187601 -1.0
-0.00236597400663 -0.556014894275 -1.0
-0.9993459108 -0.477905922065 1.0
0.402984640323 -0.739408123289 -1.0
1.19056936428 -0.799682402801 -1.0
2.97268358242 -1.80457674445 1.0
0.593042814796 -0.89512684984 1.0
0.411859539009 -0.983707942426 -1.0
0.0901735337438 -0.939681330604 1.0
-2.93129377615 -1.01819007314 1.0
-3.76774820296 -1.52391485242 1.0
-1.50983170157 -0.850576631513 1.0
-1.15960380932 -0.735419337906 -1.0
0.709690103395 -1.19240987984 -1.0
1.11730941219 -1.51124210364 -1.0
-4.32999677716 -0.448755806779 1.0
-0.00741100592207 -0.0506122932751 1.0
-0.416337856666 0.183156373911 1.0
-0.749693740557 0.0341569197177 -1.0
0.789633767807 -0.506870277546 -1.0
1.12135858135 -0.448680634833 1.0
1.08040863163 -0.268128347504 -1.0
0.126352860889 -0.302332794158 -1.0
0.587308277691 -0.334828566173 -1.0
0.823921930361 -0.411477270655 -1.0
1.10023349552 0.0752533530421 1.0
1.14650840144 -0.0145363362391 1.0
1.25782794863 0.0342343285336 -1.0
1.03112209063 -0.292588732847 1.0
0.767393427249 -0.212037684365 1.0
0.846352727425 -0.289374384387 1.0
0.931410150943 -0.41050245472 -1.0
1.08449858298 -0.428403530027 1.0
1.335304927 -0.7265595365 -1.0
1.08821639297 5.53793024503 -1.0
1.03390124083 5.7060177697 -1.0
1.03195400998 4.94624016522 -1.0
1.14478665423 -0.669060769916 -1.0
1.19117625553 -0.658335124476 -1.0
1.21653834036 -0.657125891024 1.0
-0.108458863825 -0.26966026474 -1.0
-1.19306167307 -0.261403589717 1.0
-0.519796207197 -0.400946137069 -1.0
0.780217001694 -0.548843782937 1.0
0.827585898873 -0.471838509225 1.0
0.964864645531 -0.506523416283 -1.0
-0.339541462195 -0.358872498215 1.0
-0.483449514465 -0.595972672151 -1.0
-0.605353241889 -0.754210344776 -1.0
0.971257060349 -0.468299157132 1.0
0.494910105559 -0.398294792334 -1.0
-3.36639317287 -4.10444015282 -1.0
0.977641397786 -0.228562019667 -1.0
1.02429491251 -0.146857145147 1.0
1.13823685362 -0.142913283018 1.0
-4.60236205917 -0.605903608608 -1.0
-1.58853885325 -0.614804681485 -1.0
-2.71558482698 -0.61512808393 1.0
0.533144066312 11.5216275574 -1.0
0.619959248997 10.9550889752 -1.0
0.743472370737 9.84128572357 -1.0
0.620045140115 -0.5730212618 -1.0
0.171811070629 -0.573586600407 1.0
-0.500651762312 -0.578434707006 1.0
0.373130383575 -0.172919376541 1.0
0.399299180537 -0.199276949449 1.0
0.669112687178 -0.298184760239 -1.0
-0.378702261184 -0.59348490312 -1.0
-0.331936827595 -0.581826083051 -1.0
-0.506315905626 -0.584976344889 -1.0
-2.36198718564 0.217298232654 1.0
-0.383641119502 1.72831854194 1.0
-5.55858665674 -0.324224060877 -1.0
1.13131111758 -0.35234683937 -1.0
1.26690563604 -0.363498741931 -1.0
1.31645944276 -0.37232866688 1.0
-2.13133836174 -0.272690244207 1.0
-2.2161093353 -0.228803869257 1.0
-1.3307209667 -0.464400272046 -1.0
-1.0743503931 -0.544167019287 1.0
0.0583452258324 -0.62134002804 1.0
